           1           1   15.999999999999996     
           1           4   11.446259714292166     
           4           1   11.446259714292166     
           1           7   5.4772255750516612     
           7           1   5.4772255750516612     
           1          10  -1.2745794108686066     
          10           1  -1.2745794108686066     
           2           2  -0.0000000000000000     
           2           5   2.5019878042930088     
           5           2   2.5019878042930088     
           2           7   5.4772255750516612     
           7           2   5.4772255750516612     
           2           8   5.4772255750516612     
           8           2   5.4772255750516612     
           2          11  -1.2745794108686066     
          11           2  -1.2745794108686066     
           3           3  -15.999999999999996     
           3           6  -6.4422841057061495     
           6           3  -6.4422841057061495     
           3           8   5.4772255750516612     
           8           3   5.4772255750516612     
           3          12  -1.2745794108686066     
          12           3  -1.2745794108686066     
           4           4   23.312747088364173     
           4           7   1.7496355305594129     
           7           4   1.7496355305594129     
           4          10  0.81429891583538272     
          10           4  0.81429891583538272     
           4          19   9.8110797551075724     
          19           4   9.8110797551075724     
           4          22   4.2857142857142856     
          22           4   4.2857142857142856     
           4          25 -0.70520354738756796     
          25           4 -0.70520354738756796     
           5           5   1.5984613740784601     
           5           7   1.7496355305594129     
           7           5   1.7496355305594129     
           5           8   1.7496355305594129     
           8           5   1.7496355305594129     
           5          11  0.81429891583538272     
          11           5  0.81429891583538272     
           5          20   2.1445609751082935     
          20           5   2.1445609751082935     
           5          22   4.2857142857142856     
          22           5   4.2857142857142856     
           5          23   4.2857142857142856     
          23           5   4.2857142857142856     
           5          26 -0.70520354738756796     
          26           5 -0.70520354738756796     
           6           6  -20.115824340207251     
           6           8   1.7496355305594129     
           8           6   1.7496355305594129     
           6          12  0.81429891583538272     
          12           6  0.81429891583538272     
           6          21  -5.5219578048909854     
          21           6  -5.5219578048909854     
           6          23   4.2857142857142856     
          23           6   4.2857142857142856     
           6          27 -0.70520354738756796     
          27           6 -0.70520354738756796     
           7           7   10.227802115610659     
           7           9   3.0304576336566322     
           9           7   3.0304576336566322     
           7          13  0.40714945791769147     
          13           7  0.40714945791769147     
           7          16  0.76170688836936817     
          16           7  0.76170688836936817     
           7          19  -3.1298431857438067     
          19           7  -3.1298431857438067     
           7          20  -3.1298431857438067     
          20           7  -3.1298431857438067     
           7          22   5.4569784311389720     
          22           7   5.4569784311389720     
           7          24   3.4992710611188262     
          24           7   3.4992710611188262     
           7          28 -0.64375981756139067     
          28           7 -0.64375981756139067     
           8           8  -8.6293407415321983     
           8           9   3.0304576336566322     
           9           8   3.0304576336566322     
           8          14  0.40714945791769147     
          14           8  0.40714945791769147     
           8          17  0.76170688836936817     
          17           8  0.76170688836936817     
           8          20  -3.1298431857438067     
          20           8  -3.1298431857438067     
           8          21  -3.1298431857438067     
          21           8  -3.1298431857438067     
           8          23  -1.5415636910986805     
          23           8  -1.5415636910986805     
           8          24   3.4992710611188262     
          24           8   3.4992710611188262     
           8          29 -0.64375981756139067     
          29           8 -0.64375981756139067     
           9           9  -1.5984613740784603     
           9          15 -0.81429891583538294     
          15           9 -0.81429891583538294     
           9          18   1.2043643383434113     
          18           9   1.2043643383434113     
           9          22  -1.2371791482634840     
          22           9  -1.2371791482634840     
           9          23  -1.2371791482634840     
          23           9  -1.2371791482634840     
           9          24   1.3843081569201270     
          24           9   1.3843081569201270     
           9          30 -0.45520693245307403     
          30           9 -0.45520693245307403     
          10          10   8.6872529116358201     
          10          13  -1.7496355305594129     
          13          10  -1.7496355305594129     
          10          16  -3.2732683535398857     
          16          10  -3.2732683535398857     
          10          19 -0.18208277298122955     
          19          10 -0.18208277298122955     
          10          25   6.3330247499740606     
          25          10   6.3330247499740606     
          10          28   2.7664166758624407     
          28          10   2.7664166758624407     
          10          31  -1.0772162120849693     
          31          10  -1.0772162120849693     
          11          11  -1.5984613740784601     
          11          13  -1.7496355305594129     
          13          11  -1.7496355305594129     
          11          14  -1.7496355305594129     
          14          11  -1.7496355305594129     
          11          16  -3.2732683535398857     
          16          11  -3.2732683535398857     
          11          17  -3.2732683535398857     
          17          11  -3.2732683535398857     
          11          20 -0.18208277298122955     
          20          11 -0.18208277298122955     
          11          26   1.3843081569201265     
          26          11   1.3843081569201265     
          11          28   2.7664166758624407     
          28          11   2.7664166758624407     
          11          29   2.7664166758624407     
          29          11   2.7664166758624407     
          11          32  -1.0772162120849693     
          32          11  -1.0772162120849693     
          12          12  -11.884175659792742     
          12          14  -1.7496355305594129     
          14          12  -1.7496355305594129     
          12          17  -3.2732683535398857     
          17          12  -3.2732683535398857     
          12          21 -0.18208277298122955     
          21          12 -0.18208277298122955     
          12          27  -3.5644084361338075     
          27          12  -3.5644084361338075     
          12          29   2.7664166758624407     
          29          12   2.7664166758624407     
          12          33  -1.0772162120849693     
          33          12  -1.0772162120849693     
          13          13   5.7721978843893407     
          13          15  -3.0304576336566322     
          15          13  -3.0304576336566322     
          13          16   4.1678361210726171     
          16          13   4.1678361210726171     
          13          22 -0.16621807015818604     
          22          13 -0.16621807015818604     
          13          25  -2.0203050891044216     
          25          13  -2.0203050891044216     
          13          26  -2.0203050891044216     
          26          13  -2.0203050891044216     
          13          28   3.5224644307357194     
          28          13   3.5224644307357194     
          13          30   2.2587697572631287     
          30          13   2.2587697572631287     
          13          34 -0.98335936444867822     
          34          13 -0.98335936444867822     
          14          14  -7.3706592584678008     
          14          15  -3.0304576336566322     
          15          14  -3.0304576336566322     
          14          17  -1.1773887171758701     
          17          14  -1.1773887171758701     
          14          23 -0.16621807015818604     
          23          14 -0.16621807015818604     
          14          26  -2.0203050891044216     
          26          14  -2.0203050891044216     
          14          27  -2.0203050891044216     
          27          14  -2.0203050891044216     
          14          29 -0.99507508379053700     
          29          14 -0.99507508379053700     
          14          30   2.2587697572631287     
          30          14   2.2587697572631287     
          14          35 -0.98335936444867822     
          35          14 -0.98335936444867822     
          15          15   1.5984613740784603     
          15          16  -2.8347335475692046     
          16          15  -2.8347335475692046     
          15          17  -2.8347335475692046     
          17          15  -2.8347335475692046     
          15          18   2.3641562548128028     
          18          15   2.3641562548128028     
          15          24 -0.11753392456459467     
          24          15 -0.11753392456459467     
          15          28 -0.79859570624992493     
          28          15 -0.79859570624992493     
          15          29 -0.79859570624992493     
          29          15 -0.79859570624992493     
          15          30  0.89356707296178939     
          30          15  0.89356707296178939     
          15          36 -0.69534007494495398     
          36          15 -0.69534007494495398     
          16          16   8.0000000000000000     
          16          22 -0.31096553501134305     
          22          16 -0.31096553501134305     
          16          25  -3.7796447300922731     
          25          16  -3.7796447300922731     
          16          26  -3.7796447300922731     
          26          16  -3.7796447300922731     
          16          28   2.6359710113821544     
          28          16   2.6359710113821544     
          16          30 -0.84515425472851680     
          30          16 -0.84515425472851680     
          16          34  0.36793938298427253     
          34          16  0.36793938298427253     
          16          37   4.4606645443015891     
          37          16   4.4606645443015891     
          16          39   2.6756477550475344     
          39          16   2.6756477550475344     
          16          40 -0.81522373034789697     
          40          16 -0.81522373034789697     
          17          17  -8.0000000000000000     
          17          23 -0.31096553501134305     
          23          17 -0.31096553501134305     
          17          26  -3.7796447300922731     
          26          17  -3.7796447300922731     
          17          27  -3.7796447300922731     
          27          17  -3.7796447300922731     
          17          29 -0.74464600753191224     
          29          17 -0.74464600753191224     
          17          30 -0.84515425472851680     
          30          17 -0.84515425472851680     
          17          35  0.36793938298427253     
          35          17  0.36793938298427253     
          17          38  -1.2601109911719661     
          38          17  -1.2601109911719661     
          17          39   2.6756477550475344     
          39          17   2.6756477550475344     
          17          41 -0.81522373034789697     
          41          17 -0.81522373034789697     
          18          18  -0.0000000000000000     
          18          24 -0.55627205995596318     
          24          18 -0.55627205995596318     
          18          28  -2.6457513110645916     
          28          18  -2.6457513110645916     
          18          29  -2.6457513110645916     
          29          18  -2.6457513110645916     
          18          30   1.6916525104616775     
          30          18   1.6916525104616775     
          18          36  0.65818997756173026     
          36          18  0.65818997756173026     
          18          37  -1.2792042981336627     
          37          18  -1.2792042981336627     
          18          38  -1.2792042981336627     
          38          18  -1.2792042981336627     
          18          39   1.3388876103425802     
          39          18   1.3388876103425802     
          18          42 -0.68206510786407959     
          42          18 -0.68206510786407959     
          19          19   22.647951898512883     
          19          22  0.87119531590900900     
          22          19  0.87119531590900900     
          19          25  0.86011803814505239     
          25          19  0.86011803814505239     
          19          43   9.6800030843275788     
          43          19   9.6800030843275788     
          19          46   4.0850774285132596     
          46          19   4.0850774285132596     
          19          49 -0.60122434739605879     
          49          19 -0.60122434739605879     
          20          20   1.4531467037076908     
          20          22  0.87119531590900900     
          22          20  0.87119531590900900     
          20          23  0.87119531590900900     
          23          20  0.87119531590900900     
          20          26  0.86011803814505239     
          26          20  0.86011803814505239     
          20          44   2.1159094994380898     
          44          20   2.1159094994380898     
          20          46   4.0850774285132596     
          46          20   4.0850774285132596     
          20          47   4.0850774285132596     
          47          20   4.0850774285132596     
          20          50 -0.60122434739605879     
          50          20 -0.60122434739605879     
          21          21  -19.741658491097500     
          21          23  0.87119531590900900     
          23          21  0.87119531590900900     
          21          27  0.86011803814505239     
          27          21  0.86011803814505239     
          21          45  -5.4481840854513992     
          45          21  -5.4481840854513992     
          21          47   4.0850774285132596     
          47          21   4.0850774285132596     
          21          51 -0.60122434739605879     
          51          21 -0.60122434739605879     
          22          22   11.442966905943745     
          22          24   1.7532467532467535     
          24          22   1.7532467532467535     
          22          28  0.73110033242329475     
          28          22  0.73110033242329475     
          22          37  0.41509160584927834     
          37          22  0.41509160584927834     
          22          43  -3.3827654887965939     
          43          22  -3.3827654887965939     
          22          44  -3.3827654887965939     
          44          22  -3.3827654887965939     
          22          46   5.6979671105488405     
          46          22   5.6979671105488405     
          22          48   3.2680619428106090     
          48          22   3.2680619428106090     
          22          52 -0.58083790180654449     
          52          22 -0.58083790180654449     
          23          23  -8.9726175096406706     
          23          24   1.7532467532467535     
          24          23   1.7532467532467535     
          23          29  0.73110033242329475     
          29          23  0.73110033242329475     
          23          38  0.41509160584927834     
          38          23  0.41509160584927834     
          23          44  -3.3827654887965939     
          44          23  -3.3827654887965939     
          23          45  -3.3827654887965939     
          45          23  -3.3827654887965939     
          23          47  -1.6096415482557105     
          47          23  -1.6096415482557105     
          23          48   3.2680619428106090     
          48          23   3.2680619428106090     
          23          53 -0.58083790180654449     
          53          23 -0.58083790180654449     
          24          24  0.58125868148307636     
          24          30  0.34404721525802101     
          30          24  0.34404721525802101     
          24          39  0.77656528660690483     
          39          24  0.77656528660690483     
          24          46  -1.8269021647011376     
          46          24  -1.8269021647011376     
          24          47  -1.8269021647011376     
          47          24  -1.8269021647011376     
          24          48   1.8283547742874979     
          48          24   1.8283547742874979     
          24          54 -0.51951721293911257     
          54          24 -0.51951721293911257     
          25          25   18.659180759405150     
          25          28  0.34847812636360365     
          28          25  0.34847812636360365     
          25          31  0.33923512910328329     
          31          25  0.33923512910328329     
          25          37  -2.5226248955475650     
          37          25  -2.5226248955475650     
          25          43 -0.27831279264595316     
          43          25 -0.27831279264595316     
          25          49   8.3644786599087144     
          49          25   8.3644786599087144     
          25          52   3.5299103396150948     
          52          25   3.5299103396150948     
          25          55 -0.73634643602907823     
          55          25 -0.73634643602907823     
          26          26  0.58125868148307624     
          26          28  0.34847812636360365     
          28          26  0.34847812636360365     
          26          29  0.34847812636360365     
          29          26  0.34847812636360365     
          26          32  0.33923512910328329     
          32          26  0.33923512910328329     
          26          37  -2.5226248955475650     
          37          26  -2.5226248955475650     
          26          38  -2.5226248955475650     
          38          26  -2.5226248955475650     
          26          44 -0.27831279264595316     
          44          26 -0.27831279264595316     
          26          50   1.8283547742874979     
          50          26   1.8283547742874979     
          26          52   3.5299103396150948     
          52          26   3.5299103396150948     
          26          53   3.5299103396150948     
          53          26   3.5299103396150948     
          26          56 -0.73634643602907823     
          56          26 -0.73634643602907823     
          27          27  -17.496663396438997     
          27          29  0.34847812636360365     
          29          27  0.34847812636360365     
          27          33  0.33923512910328329     
          33          27  0.33923512910328329     
          27          38  -2.5226248955475650     
          38          27  -2.5226248955475650     
          27          45 -0.27831279264595316     
          45          27 -0.27831279264595316     
          27          51  -4.7077691113337190     
          51          27  -4.7077691113337190     
          27          53   3.5299103396150948     
          53          27   3.5299103396150948     
          27          57 -0.73634643602907823     
          57          27 -0.73634643602907823     
          28          28   9.3771867623774980     
          28          30  0.70129870129870142     
          30          28  0.70129870129870142     
          28          34  0.28834985973779081     
          34          28  0.28834985973779081     
          28          37   1.7593098219821259     
          37          28   1.7593098219821259     
          28          39  -1.0552897060221726     
          39          28  -1.0552897060221726     
          28          40  0.32152857532094969     
          40          28  0.32152857532094969     
          28          46 -0.26887570210110723     
          46          28 -0.26887570210110723     
          28          49  -2.9230434635218194     
          49          28  -2.9230434635218194     
          28          50  -2.9230434635218194     
          50          28  -2.9230434635218194     
          28          52   4.9236063135364407     
          52          28   4.9236063135364407     
          28          54   2.8239282716920768     
          54          28   2.8239282716920768     
          28          58 -0.71137824134741678     
          58          28 -0.71137824134741678     
          29          29  -8.3890470038562679     
          29          30  0.70129870129870142     
          30          29  0.70129870129870142     
          29          35  0.28834985973779081     
          35          29  0.28834985973779081     
          29          38 -0.49699447728893897     
          38          29 -0.49699447728893897     
          29          39  -1.0552897060221726     
          39          29  -1.0552897060221726     
          29          41  0.32152857532094969     
          41          29  0.32152857532094969     
          29          47 -0.26887570210110723     
          47          29 -0.26887570210110723     
          29          50  -2.9230434635218194     
          50          29  -2.9230434635218194     
          29          51  -2.9230434635218194     
          51          29  -2.9230434635218194     
          29          53  -1.3908892655505363     
          53          29  -1.3908892655505363     
          29          54   2.8239282716920768     
          54          29   2.8239282716920768     
          29          59 -0.71137824134741678     
          59          29 -0.71137824134741678     
          30          30  0.23250347259323056     
          30          36  0.13569405164131332     
          36          30  0.13569405164131332     
          30          37  -2.2563042992710649     
          37          30  -2.2563042992710649     
          30          38  -2.2563042992710649     
          38          30  -2.2563042992710649     
          30          39   1.1807878834773391     
          39          30   1.1807878834773391     
          30          42  0.60152488445426655     
          42          30  0.60152488445426655     
          30          48 -0.24048973895842357     
          48          30 -0.24048973895842357     
          30          52  -1.5786238947717441     
          52          30  -1.5786238947717441     
          30          53  -1.5786238947717441     
          53          30  -1.5786238947717441     
          30          54   1.5798790929137738     
          54          30   1.5798790929137738     
          30          60 -0.63627604214683031     
          60          30 -0.63627604214683031     
          31          31   6.6928673420819571     
          31          34  -1.2196734422726125     
          34          31  -1.2196734422726125     
          31          40  -3.3028912953790819     
          40          31  -3.3028912953790819     
          31          49 -5.08127315248154895E-002
          49          31 -5.08127315248154895E-002
          31          55   4.3290289837928189     
          55          31   4.3290289837928189     
          31          58   1.8269021647011372     
          58          31   1.8269021647011372     
          32          32  -2.0344053851907673     
          32          34  -1.2196734422726125     
          34          32  -1.2196734422726125     
          32          35  -1.2196734422726125     
          35          32  -1.2196734422726125     
          32          40  -3.3028912953790819     
          40          32  -3.3028912953790819     
          32          41  -3.3028912953790819     
          41          32  -3.3028912953790819     
          32          50 -5.08127315248154895E-002
          50          32 -5.08127315248154895E-002
          32          56  0.94626349499622442     
          56          32  0.94626349499622442     
          32          58   1.8269021647011372     
          58          32   1.8269021647011372     
          32          59   1.8269021647011372     
          59          32   1.8269021647011372     
          33          33  -10.761678112463493     
          33          35  -1.2196734422726125     
          35          33  -1.2196734422726125     
          33          41  -3.3028912953790819     
          41          33  -3.3028912953790819     
          33          51 -5.08127315248154895E-002
          51          33 -5.08127315248154895E-002
          33          57  -2.4365019938003707     
          57          33  -2.4365019938003707     
          33          59   1.8269021647011372     
          59          33   1.8269021647011372     
          34          34   3.1798463316787560     
          34          36  -2.4545454545454550     
          36          34  -2.4545454545454550     
          34          37 -7.01632873571220034E-002
          37          34 -7.01632873571220034E-002
          34          40   2.3034772657463929     
          40          34   2.3034772657463929     
          34          42  -1.3816985594155149     
          42          34  -1.3816985594155149     
          34          52 -4.90897624019385470E-002
          52          34 -4.90897624019385470E-002
          34          55  -1.5128187169778975     
          55          34  -1.5128187169778975     
          34          56  -1.5128187169778975     
          56          34  -1.5128187169778975     
          34          58   2.5482083585490529     
          58          34   2.5482083585490529     
          34          60   1.4615217317609104     
          60          34   1.4615217317609104     
          35          35  -6.6383354865030606     
          35          36  -2.4545454545454550     
          36          35  -2.4545454545454550     
          35          38 -7.01632873571220034E-002
          38          35 -7.01632873571220034E-002
          35          41 -0.65071851775759282     
          41          35 -0.65071851775759282     
          35          42  -1.3816985594155149     
          42          35  -1.3816985594155149     
          35          53 -4.90897624019385470E-002
          53          35 -4.90897624019385470E-002
          35          56  -1.5128187169778975     
          56          35  -1.5128187169778975     
          35          57  -1.5128187169778975     
          57          35  -1.5128187169778975     
          35          59 -0.71985358426155488     
          59          35 -0.71985358426155488     
          35          60   1.4615217317609104     
          60          35   1.4615217317609104     
          36          36 -0.81376215407630692     
          36          39 -0.13126349121005915     
          39          36 -0.13126349121005915     
          36          40  -2.9541957835039856     
          40          36  -2.9541957835039856     
          36          41  -2.9541957835039856     
          41          36  -2.9541957835039856     
          36          42   1.5460142444918865     
          42          36   1.5460142444918865     
          36          54 -4.39072182920191845E-002
          54          36 -4.39072182920191845E-002
          36          58 -0.81701548570265192     
          58          36 -0.81701548570265192     
          36          59 -0.81701548570265192     
          59          36 -0.81701548570265192     
          36          60  0.81766511245862605     
          60          36  0.81766511245862605     
          37          37   10.159254358207253     
          37          39  0.86345939694783280     
          39          37  0.86345939694783280     
          37          40  0.39462178228945477     
          40          37  0.39462178228945477     
          37          46 -0.23833283674367137     
          46          37 -0.23833283674367137     
          37          49  -2.5910011025251829     
          49          37  -2.5910011025251829     
          37          50  -2.5910011025251829     
          50          37  -2.5910011025251829     
          37          52   1.2469458675985174     
          52          37   1.2469458675985174     
          37          54  -1.0727763750424182     
          54          37  -1.0727763750424182     
          37          58  0.27024403512184786     
          58          37  0.27024403512184786     
          37          61   5.1876083807935220     
          61          37   5.1876083807935220     
          37          63   2.8808666950724273     
          63          37   2.8808666950724273     
          37          64 -0.64185237687226515     
          64          37 -0.64185237687226515     
          38          38  -8.6099764110235153     
          38          39  0.86345939694783280     
          39          38  0.86345939694783280     
          38          41  0.39462178228945477     
          41          38  0.39462178228945477     
          38          47 -0.23833283674367137     
          47          38 -0.23833283674367137     
          38          50  -2.5910011025251829     
          50          38  -2.5910011025251829     
          38          51  -2.5910011025251829     
          51          38  -2.5910011025251829     
          38          53 -0.35225473190191964     
          53          38 -0.35225473190191964     
          38          54  -1.0727763750424182     
          54          38  -1.0727763750424182     
          38          59  0.27024403512184786     
          59          38  0.27024403512184786     
          38          62  -1.4654682668044527     
          62          38  -1.4654682668044527     
          38          63   2.8808666950724273     
          63          38   2.8808666950724273     
          38          65 -0.64185237687226515     
          65          38 -0.64185237687226515     
          39          39  0.51642598239457937     
          39          42  0.26308118819296983     
          42          39  0.26308118819296983     
          39          48 -0.45577956003177500     
          48          39 -0.45577956003177500     
          39          52  -1.9233195223031121     
          52          39  -1.9233195223031121     
          39          53  -1.9233195223031121     
          53          39  -1.9233195223031121     
          39          54  0.85548835352196329     
          54          39  0.85548835352196329     
          39          60  0.51680544364736203     
          60          39  0.51680544364736203     
          39          61  -1.7781095273755836     
          61          39  -1.7781095273755836     
          39          62  -1.7781095273755836     
          62          39  -1.7781095273755836     
          39          63   1.7230160658503881     
          63          39   1.7230160658503881     
          39          66 -0.59423983159512983     
          66          39 -0.59423983159512983     
          40          40   5.8407456417927461     
          40          42 -0.86345939694783280     
          42          40 -0.86345939694783280     
          40          52 -8.54586675059578332E-002
          52          40 -8.54586675059578332E-002
          40          55  -4.0967324519935131     
          55          40  -4.0967324519935131     
          40          56  -4.0967324519935131     
          56          40  -4.0967324519935131     
          40          58   1.9715945302730351     
          58          40   1.9715945302730351     
          40          60  -1.6962083825765271     
          60          40  -1.6962083825765271     
          40          61 -7.90065660578357087E-002
          61          40 -7.90065660578357087E-002
          40          64   3.5120274761481620     
          64          40   3.5120274761481620     
          40          66   1.9503559724504231     
          66          40   1.9503559724504231     
          41          41  -7.3900235889764838     
          41          42 -0.86345939694783280     
          42          41 -0.86345939694783280     
          41          53 -8.54586675059578332E-002
          53          41 -8.54586675059578332E-002
          41          56  -4.0967324519935131     
          56          41  -4.0967324519935131     
          41          57  -4.0967324519935131     
          57          41  -4.0967324519935131     
          41          59 -0.55696363469102117     
          59          41 -0.55696363469102117     
          41          60  -1.6962083825765271     
          60          41  -1.6962083825765271     
          41          62 -7.90065660578357087E-002
          62          41 -7.90065660578357087E-002
          41          65 -0.99212670669122260     
          65          41 -0.99212670669122260     
          41          66   1.9503559724504231     
          66          41   1.9503559724504231     
          42          42 -0.51642598239457937     
          42          54 -0.16342823090994610     
          54          42 -0.16342823090994610     
          42          58  -3.0410351793724253     
          58          42  -3.0410351793724253     
          42          59  -3.0410351793724253     
          59          42  -3.0410351793724253     
          42          60   1.3526458544383664     
          60          42   1.3526458544383664     
          42          63 -7.31458668703521414E-002
          63          42 -7.31458668703521414E-002
          42          64  -1.2037858406706947     
          64          42  -1.2037858406706947     
          42          65  -1.2037858406706947     
          65          42  -1.2037858406706947     
          42          66   1.1664873908977764     
          66          42   1.1664873908977764     
          43          43   22.514992860542627     
          43          46  0.58915824530980543     
          46          43  0.58915824530980543     
          43          49  0.86709808503754582     
          49          43  0.86709808503754582     
          43          67   9.6414085908079237     
          67          43   9.6414085908079237     
          43          70   3.9954725508977509     
          70          43   3.9954725508977509     
          43          73 -0.55564243659634949     
          73          43 -0.55564243659634949     
          44          44   1.4240837696335367     
          44          46  0.58915824530980543     
          46          44  0.58915824530980543     
          44          47  0.58915824530980543     
          47          44  0.58915824530980543     
          44          50  0.86709808503754582     
          50          44  0.86709808503754582     
          44          68   2.1074732980492228     
          68          44   2.1074732980492228     
          44          70   3.9954725508977509     
          70          44   3.9954725508977509     
          44          71   3.9954725508977509     
          71          44   3.9954725508977509     
          44          74 -0.55564243659634949     
          74          44 -0.55564243659634949     
          45          45  -19.666825321275549     
          45          47  0.58915824530980543     
          47          45  0.58915824530980543     
          45          51  0.86709808503754582     
          51          45  0.86709808503754582     
          45          69  -5.4264619947094781     
          69          45  -5.4264619947094781     
          45          71   3.9954725508977509     
          71          45   3.9954725508977509     
          45          75 -0.55564243659634949     
          75          45 -0.55564243659634949     
          46          46   11.685999864010363     
          46          48   1.2196734422726128     
          48          46   1.2196734422726128     
          46          52  0.80516250753486407     
          52          46  0.80516250753486407     
          46          61  0.28343433520099925     
          61          46  0.28343433520099925     
          46          67  -3.4875343622109027     
          67          46  -3.4875343622109027     
          46          68  -3.4875343622109027     
          68          46  -3.4875343622109027     
          46          70   5.7685864914411029     
          70          46   5.7685864914411029     
          46          72   3.1263006343134374     
          72          46   3.1263006343134374     
          46          76 -0.54563004107838697     
          76          46 -0.54563004107838697     
          47          47  -9.0412728632623658     
          47          48   1.2196734422726128     
          48          47   1.2196734422726128     
          47          53  0.80516250753486407     
          53          47  0.80516250753486407     
          47          62  0.28343433520099925     
          62          47  0.28343433520099925     
          47          68  -3.4875343622109027     
          68          47  -3.4875343622109027     
          47          69  -3.4875343622109027     
          69          47  -3.4875343622109027     
          47          71  -1.6295910999801910     
          71          47  -1.6295910999801910     
          47          72   3.1263006343134374     
          72          47   3.1263006343134374     
          47          77 -0.54563004107838697     
          77          47 -0.54563004107838697     
          48          48   1.0172026925953839     
          48          54  0.61935577502681860     
          54          48  0.61935577502681860     
          48          63  0.54886822998842033     
          63          48  0.54886822998842033     
          48          70  -2.0678535005042100     
          70          48  -2.0678535005042100     
          48          71  -2.0678535005042100     
          71          48  -2.0678535005042100     
          48          72   1.9554915149014298     
          72          48   1.9554915149014298     
          48          78 -0.51557192733548884     
          78          48 -0.51557192733548884     
          49          49   20.653566328959016     
          49          52  0.42082731807843249     
          52          49  0.42082731807843249     
          49          55  0.49159840613778916     
          55          49  0.49159840613778916     
          49          61  -1.9258222162991079     
          61          49  -1.9258222162991079     
          49          67 -0.32080031034208195     
          67          49 -0.32080031034208195     
          49          73   8.9461122513269871     
          73          49   8.9461122513269871     
          49          76   3.7073364955723549     
          76          49   3.7073364955723549     
          49          79 -0.60321670686773776     
          79          49 -0.60321670686773776     
          50          50   1.0172026925953834     
          50          52  0.42082731807843249     
          52          50  0.42082731807843249     
          50          53  0.42082731807843249     
          53          50  0.42082731807843249     
          50          56  0.49159840613778916     
          56          50  0.49159840613778916     
