                    1                    1   16.000000000000909     
                    1                    4   11.446259714292166     
                    4                    1   11.446259714292166     
                    1                    7   5.4772255750516594     
                    7                    1   5.4772255750516594     
                    1                   10  -1.2745794108686066     
                   10                    1  -1.2745794108686066     
                    2                    2  9.09494701772928238E-013
                    2                    5   2.5019878042930088     
                    5                    2   2.5019878042930088     
                    2                    7   5.4772255750516594     
                    7                    2   5.4772255750516594     
                    2                    8   5.4772255750516594     
                    8                    2   5.4772255750516594     
                    2                   11  -1.2745794108686066     
                   11                    2  -1.2745794108686066     
                    3                    3  -15.999999999999091     
                    3                    6  -6.4422841057061468     
                    6                    3  -6.4422841057061468     
                    3                    8   5.4772255750516594     
                    8                    3   5.4772255750516594     
                    3                   12  -1.2745794108686066     
                   12                    3  -1.2745794108686066     
                    4                    4   23.312747088365086     
                    4                    7   1.7496355305594127     
                    7                    4   1.7496355305594127     
                    4                   10  0.81429891583538272     
                   10                    4  0.81429891583538272     
                    4                   19   9.8110797551075724     
                   19                    4   9.8110797551075724     
                    4                   22   4.2857142857142847     
                   22                    4   4.2857142857142847     
                    4                   25 -0.70520354738756796     
                   25                    4 -0.70520354738756796     
                    5                    5   1.5984613740793066     
                    5                    7   1.7496355305594127     
                    7                    5   1.7496355305594127     
                    5                    8   1.7496355305594127     
                    8                    5   1.7496355305594127     
                    5                   11  0.81429891583538272     
                   11                    5  0.81429891583538272     
                    5                   20   2.1445609751082935     
                   20                    5   2.1445609751082935     
                    5                   22   4.2857142857142847     
                   22                    5   4.2857142857142847     
                    5                   23   4.2857142857142847     
                   23                    5   4.2857142857142847     
                    5                   26 -0.70520354738756796     
                   26                    5 -0.70520354738756796     
                    6                    6  -20.115824340206473     
                    6                    8   1.7496355305594127     
                    8                    6   1.7496355305594127     
                    6                   12  0.81429891583538272     
                   12                    6  0.81429891583538272     
                    6                   21  -5.5219578048909854     
                   21                    6  -5.5219578048909854     
                    6                   23   4.2857142857142847     
                   23                    6   4.2857142857142847     
                    6                   27 -0.70520354738756796     
                   27                    6 -0.70520354738756796     
                    7                    7   10.227802115610757     
                    7                    9   3.0304576336566322     
                    9                    7   3.0304576336566322     
                    7                   13  0.40714945791769147     
                   13                    7  0.40714945791769147     
                    7                   16  0.76170688836936817     
                   16                    7  0.76170688836936817     
                    7                   19  -3.1298431857438058     
                   19                    7  -3.1298431857438058     
                    7                   20  -3.1298431857438058     
                   20                    7  -3.1298431857438058     
                    7                   22   5.4569784311389720     
                   22                    7   5.4569784311389720     
                    7                   24   3.4992710611188258     
                   24                    7   3.4992710611188258     
                    7                   28 -0.64375981756139067     
                   28                    7 -0.64375981756139067     
                    8                    8  -8.6293407415323600     
                    8                    9   3.0304576336566322     
                    9                    8   3.0304576336566322     
                    8                   14  0.40714945791769147     
                   14                    8  0.40714945791769147     
                    8                   17  0.76170688836936817     
                   17                    8  0.76170688836936817     
                    8                   20  -3.1298431857438058     
                   20                    8  -3.1298431857438058     
                    8                   21  -3.1298431857438058     
                   21                    8  -3.1298431857438058     
                    8                   23  -1.5415636910986796     
                   23                    8  -1.5415636910986796     
                    8                   24   3.4992710611188258     
                   24                    8   3.4992710611188258     
                    8                   29 -0.64375981756139067     
                   29                    8 -0.64375981756139067     
                    9                    9  -1.5984613740783971     
                    9                   15 -0.81429891583538294     
                   15                    9 -0.81429891583538294     
                    9                   18   1.2043643383434113     
                   18                    9   1.2043643383434113     
                    9                   22  -1.2371791482634840     
                   22                    9  -1.2371791482634840     
                    9                   23  -1.2371791482634840     
                   23                    9  -1.2371791482634840     
                    9                   24   1.3843081569201270     
                   24                    9   1.3843081569201270     
                    9                   30 -0.45520693245307403     
                   30                    9 -0.45520693245307403     
                   10                   10   8.6872529116367332     
                   10                   13  -1.7496355305594127     
                   13                   10  -1.7496355305594127     
                   10                   16  -3.2732683535398852     
                   16                   10  -3.2732683535398852     
                   10                   19 -0.18208277298122955     
                   19                   10 -0.18208277298122955     
                   10                   25   6.3330247499740597     
                   25                   10   6.3330247499740597     
                   10                   28   2.7664166758624407     
                   28                   10   2.7664166758624407     
                   10                   31  -1.0772162120849693     
                   31                   10  -1.0772162120849693     
                   11                   11  -1.5984613740774876     
                   11                   13  -1.7496355305594127     
                   13                   11  -1.7496355305594127     
                   11                   14  -1.7496355305594127     
                   14                   11  -1.7496355305594127     
                   11                   16  -3.2732683535398852     
                   16                   11  -3.2732683535398852     
                   11                   17  -3.2732683535398852     
                   17                   11  -3.2732683535398852     
                   11                   20 -0.18208277298122955     
                   20                   11 -0.18208277298122955     
                   11                   26   1.3843081569201265     
                   26                   11   1.3843081569201265     
                   11                   28   2.7664166758624407     
                   28                   11   2.7664166758624407     
                   11                   29   2.7664166758624407     
                   29                   11   2.7664166758624407     
                   11                   32  -1.0772162120849693     
                   32                   11  -1.0772162120849693     
                   12                   12  -11.884175659791708     
                   12                   14  -1.7496355305594127     
                   14                   12  -1.7496355305594127     
                   12                   17  -3.2732683535398852     
                   17                   12  -3.2732683535398852     
                   12                   21 -0.18208277298122955     
                   21                   12 -0.18208277298122955     
                   12                   27  -3.5644084361338071     
                   27                   12  -3.5644084361338071     
                   12                   29   2.7664166758624407     
                   29                   12   2.7664166758624407     
                   12                   33  -1.0772162120849693     
                   33                   12  -1.0772162120849693     
                   13                   13   5.7721978843892430     
                   13                   15  -3.0304576336566322     
                   15                   13  -3.0304576336566322     
                   13                   16   4.1678361210726171     
                   16                   13   4.1678361210726171     
                   13                   22 -0.16621807015818604     
                   22                   13 -0.16621807015818604     
                   13                   25  -2.0203050891044212     
                   25                   13  -2.0203050891044212     
                   13                   26  -2.0203050891044212     
                   26                   13  -2.0203050891044212     
                   13                   28   3.5224644307357194     
                   28                   13   3.5224644307357194     
                   13                   30   2.2587697572631282     
                   30                   13   2.2587697572631282     
                   13                   34 -0.98335936444867822     
                   34                   13 -0.98335936444867822     
                   14                   14  -7.3706592584676400     
                   14                   15  -3.0304576336566322     
                   15                   14  -3.0304576336566322     
                   14                   17  -1.1773887171758701     
                   17                   14  -1.1773887171758701     
                   14                   23 -0.16621807015818604     
                   23                   14 -0.16621807015818604     
                   14                   26  -2.0203050891044212     
                   26                   14  -2.0203050891044212     
                   14                   27  -2.0203050891044212     
                   27                   14  -2.0203050891044212     
                   14                   29 -0.99507508379053655     
                   29                   14 -0.99507508379053655     
                   14                   30   2.2587697572631282     
                   30                   14   2.2587697572631282     
                   14                   35 -0.98335936444867822     
                   35                   14 -0.98335936444867822     
                   15                   15   1.5984613740783971     
                   15                   16  -2.8347335475692037     
                   16                   15  -2.8347335475692037     
                   15                   17  -2.8347335475692037     
                   17                   15  -2.8347335475692037     
                   15                   18   2.3641562548128028     
                   18                   15   2.3641562548128028     
                   15                   24 -0.11753392456459467     
                   24                   15 -0.11753392456459467     
                   15                   28 -0.79859570624992493     
                   28                   15 -0.79859570624992493     
                   15                   29 -0.79859570624992493     
                   29                   15 -0.79859570624992493     
                   15                   30  0.89356707296178939     
                   30                   15  0.89356707296178939     
                   15                   36 -0.69534007494495398     
                   36                   15 -0.69534007494495398     
                   16                   16   8.0000000000000000     
                   16                   22 -0.31096553501134305     
                   22                   16 -0.31096553501134305     
                   16                   25  -3.7796447300922722     
                   25                   16  -3.7796447300922722     
                   16                   26  -3.7796447300922722     
                   26                   16  -3.7796447300922722     
                   16                   28   2.6359710113821544     
                   28                   16   2.6359710113821544     
                   16                   30 -0.84515425472851669     
                   30                   16 -0.84515425472851669     
                   16                   34  0.36793938298427253     
                   34                   16  0.36793938298427253     
                   16                   37   4.4606645443015882     
                   37                   16   4.4606645443015882     
                   16                   39   2.6756477550475344     
                   39                   16   2.6756477550475344     
                   16                   40 -0.81522373034789697     
                   40                   16 -0.81522373034789697     
                   17                   17  -8.0000000000000000     
                   17                   23 -0.31096553501134305     
                   23                   17 -0.31096553501134305     
                   17                   26  -3.7796447300922722     
                   26                   17  -3.7796447300922722     
                   17                   27  -3.7796447300922722     
                   27                   17  -3.7796447300922722     
                   17                   29 -0.74464600753191224     
                   29                   17 -0.74464600753191224     
                   17                   30 -0.84515425472851669     
                   30                   17 -0.84515425472851669     
                   17                   35  0.36793938298427253     
                   35                   17  0.36793938298427253     
                   17                   38  -1.2601109911719657     
                   38                   17  -1.2601109911719657     
                   17                   39   2.6756477550475344     
                   39                   17   2.6756477550475344     
                   17                   41 -0.81522373034789697     
                   41                   17 -0.81522373034789697     
                   18                   18   0.0000000000000000     
                   18                   24 -0.55627205995596318     
                   24                   18 -0.55627205995596318     
                   18                   28  -2.6457513110645912     
                   28                   18  -2.6457513110645912     
                   18                   29  -2.6457513110645912     
                   29                   18  -2.6457513110645912     
                   18                   30   1.6916525104616775     
                   30                   18   1.6916525104616775     
                   18                   36  0.65818997756173026     
                   36                   18  0.65818997756173026     
                   18                   37  -1.2792042981336627     
                   37                   18  -1.2792042981336627     
                   18                   38  -1.2792042981336627     
                   38                   18  -1.2792042981336627     
                   18                   39   1.3388876103425802     
                   39                   18   1.3388876103425802     
                   18                   42 -0.68206510786407959     
                   42                   18 -0.68206510786407959     
                   19                   19   22.647951898513838     
                   19                   22  0.87119531590900900     
                   22                   19  0.87119531590900900     
                   19                   25  0.86011803814505239     
                   25                   19  0.86011803814505239     
                   19                   43   9.6800030843275788     
                   43                   19   9.6800030843275788     
                   19                   46   4.0850774285132587     
                   46                   19   4.0850774285132587     
                   19                   49 -0.60122434739605879     
                   49                   19 -0.60122434739605879     
                   20                   20   1.4531467037086259     
                   20                   22  0.87119531590900900     
                   22                   20  0.87119531590900900     
                   20                   23  0.87119531590900900     
                   23                   20  0.87119531590900900     
                   20                   26  0.86011803814505239     
                   26                   20  0.86011803814505239     
                   20                   44   2.1159094994380898     
                   44                   20   2.1159094994380898     
                   20                   46   4.0850774285132587     
                   46                   20   4.0850774285132587     
                   20                   47   4.0850774285132587     
                   47                   20   4.0850774285132587     
                   20                   50 -0.60122434739605879     
                   50                   20 -0.60122434739605879     
                   21                   21  -19.741658491096587     
                   21                   23  0.87119531590900900     
                   23                   21  0.87119531590900900     
                   21                   27  0.86011803814505239     
                   27                   21  0.86011803814505239     
                   21                   45  -5.4481840854513983     
                   45                   21  -5.4481840854513983     
                   21                   47   4.0850774285132587     
                   47                   21   4.0850774285132587     
                   21                   51 -0.60122434739605879     
                   51                   21 -0.60122434739605879     
                   22                   22   11.442966905943649     
                   22                   24   1.7532467532467533     
                   24                   22   1.7532467532467533     
                   22                   28  0.73110033242329475     
                   28                   22  0.73110033242329475     
                   22                   37  0.41509160584927834     
                   37                   22  0.41509160584927834     
                   22                   43  -3.3827654887965934     
                   43                   22  -3.3827654887965934     
                   22                   44  -3.3827654887965934     
                   44                   22  -3.3827654887965934     
                   22                   46   5.6979671105488388     
                   46                   22   5.6979671105488388     
                   22                   48   3.2680619428106086     
                   48                   22   3.2680619428106086     
                   22                   52 -0.58083790180654449     
                   52                   22 -0.58083790180654449     
                   23                   23  -8.9726175096407133     
                   23                   24   1.7532467532467533     
                   24                   23   1.7532467532467533     
                   23                   29  0.73110033242329475     
                   29                   23  0.73110033242329475     
                   23                   38  0.41509160584927834     
                   38                   23  0.41509160584927834     
                   23                   44  -3.3827654887965934     
                   44                   23  -3.3827654887965934     
                   23                   45  -3.3827654887965934     
                   45                   23  -3.3827654887965934     
                   23                   47  -1.6096415482557098     
                   47                   23  -1.6096415482557098     
                   23                   48   3.2680619428106086     
                   48                   23   3.2680619428106086     
                   23                   53 -0.58083790180654449     
                   53                   23 -0.58083790180654449     
                   24                   24  0.58125868148317750     
                   24                   30  0.34404721525802101     
                   30                   24  0.34404721525802101     
                   24                   39  0.77656528660690483     
                   39                   24  0.77656528660690483     
                   24                   46  -1.8269021647011374     
                   46                   24  -1.8269021647011374     
                   24                   47  -1.8269021647011374     
                   47                   24  -1.8269021647011374     
                   24                   48   1.8283547742874979     
                   48                   24   1.8283547742874979     
                   24                   54 -0.51951721293911257     
                   54                   24 -0.51951721293911257     
                   25                   25   18.659180759405899     
                   25                   28  0.34847812636360359     
                   28                   25  0.34847812636360359     
                   25                   31  0.33923512910328329     
                   31                   25  0.33923512910328329     
                   25                   37  -2.5226248955475645     
                   37                   25  -2.5226248955475645     
                   25                   43 -0.27831279264595316     
                   43                   25 -0.27831279264595316     
                   25                   49   8.3644786599087126     
                   49                   25   8.3644786599087126     
                   25                   52   3.5299103396150939     
                   52                   25   3.5299103396150939     
                   25                   55 -0.73634643602907823     
                   55                   25 -0.73634643602907823     
                   26                   26  0.58125868148408699     
                   26                   28  0.34847812636360359     
                   28                   26  0.34847812636360359     
                   26                   29  0.34847812636360359     
                   29                   26  0.34847812636360359     
                   26                   32  0.33923512910328329     
                   32                   26  0.33923512910328329     
                   26                   37  -2.5226248955475645     
                   37                   26  -2.5226248955475645     
                   26                   38  -2.5226248955475645     
                   38                   26  -2.5226248955475645     
                   26                   44 -0.27831279264595316     
                   44                   26 -0.27831279264595316     
                   26                   50   1.8283547742874979     
                   50                   26   1.8283547742874979     
                   26                   52   3.5299103396150939     
                   52                   26   3.5299103396150939     
                   26                   53   3.5299103396150939     
                   53                   26   3.5299103396150939     
                   26                   56 -0.73634643602907823     
                   56                   26 -0.73634643602907823     
                   27                   27  -17.496663396438180     
                   27                   29  0.34847812636360359     
                   29                   27  0.34847812636360359     
                   27                   33  0.33923512910328329     
                   33                   27  0.33923512910328329     
                   27                   38  -2.5226248955475645     
                   38                   27  -2.5226248955475645     
                   27                   45 -0.27831279264595316     
                   45                   27 -0.27831279264595316     
                   27                   51  -4.7077691113337181     
                   51                   27  -4.7077691113337181     
                   27                   53   3.5299103396150939     
                   53                   27   3.5299103396150939     
                   27                   57 -0.73634643602907823     
                   57                   27 -0.73634643602907823     
                   28                   28   9.3771867623772778     
                   28                   30  0.70129870129870131     
                   30                   28  0.70129870129870131     
                   28                   34  0.28834985973779081     
                   34                   28  0.28834985973779081     
                   28                   37   1.7593098219821257     
                   37                   28   1.7593098219821257     
                   28                   39  -1.0552897060221726     
                   39                   28  -1.0552897060221726     
                   28                   40  0.32152857532094969     
                   40                   28  0.32152857532094969     
                   28                   46 -0.26887570210110723     
                   46                   28 -0.26887570210110723     
                   28                   49  -2.9230434635218194     
                   49                   28  -2.9230434635218194     
                   28                   50  -2.9230434635218194     
                   50                   28  -2.9230434635218194     
                   28                   52   4.9236063135364398     
                   52                   28   4.9236063135364398     
                   28                   54   2.8239282716920755     
                   54                   28   2.8239282716920755     
                   28                   58 -0.71137824134741678     
                   58                   28 -0.71137824134741678     
                   29                   29  -8.3890470038563763     
                   29                   30  0.70129870129870131     
                   30                   29  0.70129870129870131     
                   29                   35  0.28834985973779081     
                   35                   29  0.28834985973779081     
                   29                   38 -0.49699447728893886     
                   38                   29 -0.49699447728893886     
                   29                   39  -1.0552897060221726     
                   39                   29  -1.0552897060221726     
                   29                   41  0.32152857532094969     
                   41                   29  0.32152857532094969     
                   29                   47 -0.26887570210110723     
                   47                   29 -0.26887570210110723     
                   29                   50  -2.9230434635218194     
                   50                   29  -2.9230434635218194     
                   29                   51  -2.9230434635218194     
                   51                   29  -2.9230434635218194     
                   29                   53  -1.3908892655505358     
                   53                   29  -1.3908892655505358     
                   29                   54   2.8239282716920755     
                   54                   29   2.8239282716920755     
                   29                   59 -0.71137824134741678     
                   59                   29 -0.71137824134741678     
                   30                   30  0.23250347259318005     
                   30                   36  0.13569405164131332     
                   36                   30  0.13569405164131332     
                   30                   37  -2.2563042992710645     
                   37                   30  -2.2563042992710645     
                   30                   38  -2.2563042992710645     
                   38                   30  -2.2563042992710645     
                   30                   39   1.1807878834773391     
                   39                   30   1.1807878834773391     
                   30                   42  0.60152488445426655     
                   42                   30  0.60152488445426655     
                   30                   48 -0.24048973895842357     
                   48                   30 -0.24048973895842357     
                   30                   52  -1.5786238947717441     
                   52                   30  -1.5786238947717441     
                   30                   53  -1.5786238947717441     
                   53                   30  -1.5786238947717441     
                   30                   54   1.5798790929137738     
                   54                   30   1.5798790929137738     
                   30                   60 -0.63627604214683031     
                   60                   30 -0.63627604214683031     
                   31                   31   6.6928673420829909     
                   31                   34  -1.2196734422726125     
                   34                   31  -1.2196734422726125     
                   31                   40  -3.3028912953790814     
                   40                   31  -3.3028912953790814     
                   31                   49 -5.08127315248154895E-002
                   49                   31 -5.08127315248154895E-002
                   31                   55   4.3290289837928189     
                   55                   31   4.3290289837928189     
                   31                   58   1.8269021647011370     
                   58                   31   1.8269021647011370     
                   32                   32  -2.0344053851899844     
                   32                   34  -1.2196734422726125     
                   34                   32  -1.2196734422726125     
                   32                   35  -1.2196734422726125     
                   35                   32  -1.2196734422726125     
                   32                   40  -3.3028912953790814     
                   40                   32  -3.3028912953790814     
                   32                   41  -3.3028912953790814     
                   41                   32  -3.3028912953790814     
                   32                   50 -5.08127315248154895E-002
                   50                   32 -5.08127315248154895E-002
                   32                   56  0.94626349499622442     
                   56                   32  0.94626349499622442     
                   32                   58   1.8269021647011370     
                   58                   32   1.8269021647011370     
                   32                   59   1.8269021647011370     
                   59                   32   1.8269021647011370     
                   33                   33  -10.761678112462505     
                   33                   35  -1.2196734422726125     
                   35                   33  -1.2196734422726125     
                   33                   41  -3.3028912953790814     
                   41                   33  -3.3028912953790814     
                   33                   51 -5.08127315248154895E-002
                   51                   33 -5.08127315248154895E-002
                   33                   57  -2.4365019938003698     
                   57                   33  -2.4365019938003698     
                   33                   59   1.8269021647011370     
                   59                   33   1.8269021647011370     
                   34                   34   3.1798463316786183     
                   34                   36  -2.4545454545454541     
                   36                   34  -2.4545454545454541     
                   34                   37 -7.01632873571220034E-002
                   37                   34 -7.01632873571220034E-002
                   34                   40   2.3034772657463929     
                   40                   34   2.3034772657463929     
                   34                   42  -1.3816985594155147     
                   42                   34  -1.3816985594155147     
                   34                   52 -4.90897624019385470E-002
                   52                   34 -4.90897624019385470E-002
                   34                   55  -1.5128187169778970     
                   55                   34  -1.5128187169778970     
                   34                   56  -1.5128187169778970     
                   56                   34  -1.5128187169778970     
                   34                   58   2.5482083585490529     
                   58                   34   2.5482083585490529     
                   34                   60   1.4615217317609097     
                   60                   34   1.4615217317609097     
                   35                   35  -6.6383354865029105     
                   35                   36  -2.4545454545454541     
                   36                   35  -2.4545454545454541     
                   35                   38 -7.01632873571220034E-002
                   38                   35 -7.01632873571220034E-002
                   35                   41 -0.65071851775759282     
                   41                   35 -0.65071851775759282     
                   35                   42  -1.3816985594155147     
                   42                   35  -1.3816985594155147     
                   35                   53 -4.90897624019385470E-002
                   53                   35 -4.90897624019385470E-002
                   35                   56  -1.5128187169778970     
                   56                   35  -1.5128187169778970     
                   35                   57  -1.5128187169778970     
                   57                   35  -1.5128187169778970     
                   35                   59 -0.71985358426155488     
                   59                   35 -0.71985358426155488     
                   35                   60   1.4615217317609097     
                   60                   35   1.4615217317609097     
                   36                   36 -0.81376215407635755     
                   36                   39 -0.13126349121005915     
                   39                   36 -0.13126349121005915     
                   36                   40  -2.9541957835039852     
                   40                   36  -2.9541957835039852     
                   36                   41  -2.9541957835039852     
                   41                   36  -2.9541957835039852     
                   36                   42   1.5460142444918865     
                   42                   36   1.5460142444918865     
                   36                   54 -4.39072182920191845E-002
                   54                   36 -4.39072182920191845E-002
                   36                   58 -0.81701548570265192     
                   58                   36 -0.81701548570265192     
                   36                   59 -0.81701548570265192     
                   59                   36 -0.81701548570265192     
                   36                   60  0.81766511245862605     
                   60                   36  0.81766511245862605     
                   37                   37   10.159254358207363     
                   37                   39  0.86345939694783258     
                   39                   37  0.86345939694783258     
                   37                   40  0.39462178228945477     
                   40                   37  0.39462178228945477     
                   37                   46 -0.23833283674367137     
                   46                   37 -0.23833283674367137     
                   37                   49  -2.5910011025251825     
                   49                   37  -2.5910011025251825     
                   37                   50  -2.5910011025251825     
                   50                   37  -2.5910011025251825     
                   37                   52   1.2469458675985174     
                   52                   37   1.2469458675985174     
                   37                   54  -1.0727763750424182     
                   54                   37  -1.0727763750424182     
                   37                   58  0.27024403512184786     
                   58                   37  0.27024403512184786     
                   37                   61   5.1876083807935220     
                   61                   37   5.1876083807935220     
                   37                   63   2.8808666950724273     
                   63                   37   2.8808666950724273     
                   37                   64 -0.64185237687226515     
                   64                   37 -0.64185237687226515     
