           1           1  -3283.9999999999991     
           1          10  -3.8654668792068780     
          10           1  -3.8654668792068780     
           1          13  -2.2499678962130427     
          13           1  -2.2499678962130427     
           1          16   1.3023153746588512     
          16           1   1.3023153746588512     
           1          19   1.2846526603644486     
          19           1   1.2846526603644486     
           1          22   7.1844864064579079     
          22           1   7.1844864064579079     
           1          25   2.9543845707909919     
          25           1   2.9543845707909919     
           1          28  -7.0458693221900761     
          28           1  -7.0458693221900761     
           1          31  -3.7533559245413644     
          31           1  -3.7533559245413644     
           1          34  0.22367076910932968     
          34           1  0.22367076910932968     
           1          37  0.68647149963529797     
          37           1  0.68647149963529797     
           2           2  -3299.9999999999991     
           2          11 -0.19128469029668260     
          11           2 -0.19128469029668260     
           2          13  -2.2499678962130427     
          13           2  -2.2499678962130427     
           2          14  -2.2499678962130427     
          14           2  -2.2499678962130427     
           2          17 -0.79551363507570771     
          17           2 -0.79551363507570771     
           2          19   1.2846526603644486     
          19           2   1.2846526603644486     
           2          20   1.2846526603644486     
          20           2   1.2846526603644486     
           2          23   2.3599966048649637     
          23           2   2.3599966048649637     
           2          25   2.9543845707909919     
          25           2   2.9543845707909919     
           2          26   2.9543845707909919     
          26           2   2.9543845707909919     
           2          29 -0.91666476340438108     
          29           2 -0.91666476340438108     
           2          31  -3.7533559245413644     
          31           2  -3.7533559245413644     
           2          32  -3.7533559245413644     
          32           2  -3.7533559245413644     
           2          35 -0.89733249560376915     
          35           2 -0.89733249560376915     
           2          37  0.68647149963529797     
          37           2  0.68647149963529797     
           2          38  0.68647149963529797     
          38           2  0.68647149963529797     
           3           3  -3315.9999999999991     
           3          12   3.4828974986135126     
          12           3   3.4828974986135126     
           3          14  -2.2499678962130427     
          14           3  -2.2499678962130427     
           3          18  -2.8933426448102666     
          18           3  -2.8933426448102666     
           3          20   1.2846526603644486     
          20           3   1.2846526603644486     
           3          24  -2.4644931967279806     
          24           3  -2.4644931967279806     
           3          26   2.9543845707909919     
          26           3   2.9543845707909919     
           3          30   5.2125397953813151     
          30           3   5.2125397953813151     
           3          32  -3.7533559245413644     
          32           3  -3.7533559245413644     
           3          36  -2.0183357603168677     
          36           3  -2.0183357603168677     
           3          38  0.68647149963529797     
          38           3  0.68647149963529797     
           4           4  -3294.1342112823409     
           4           6   1.5419380953558122     
           6           4   1.5419380953558122     
           4           8 -0.78558656341940480     
           8           4 -0.78558656341940480     
           4          10  -1.8766779622706824     
          10           4  -1.8766779622706824     
           4          11  -1.8766779622706824     
          11           4  -1.8766779622706824     
           4          13   1.9906335213986148     
          13           4   1.9906335213986148     
           4          15   1.0835005266992168     
          15           4   1.0835005266992168     
           4          16  0.68647149963529819     
          16           4  0.68647149963529819     
           4          17  0.68647149963529819     
          17           4  0.68647149963529819     
           4          19  0.33683086324721978     
          19           4  0.33683086324721978     
           4          21 -0.39633450510544543     
          21           4 -0.39633450510544543     
           4          28   1.1249839481065214     
          28           4   1.1249839481065214     
           4          29   1.1249839481065214     
          29           4   1.1249839481065214     
           4          31  -1.0141878923758905     
          31           4  -1.0141878923758905     
           4          33 -0.64950978527330805     
          33           4 -0.64950978527330805     
           4          34  -1.2846526603644486     
          34           4  -1.2846526603644486     
           4          35  -1.2846526603644486     
          35           4  -1.2846526603644486     
           4          37  0.25340086979157167     
          37           4  0.25340086979157167     
           4          39  0.74169455927658323     
          39           4  0.74169455927658323     
           4          40   3.4223517469317550     
          40           4   3.4223517469317550     
           4          42   1.9340987039513347     
          42           4   1.9340987039513347     
           4          43  -2.6918278243443985     
          43           4  -2.6918278243443985     
           4          45  -2.3166215710271887     
          45           4  -2.3166215710271887     
           4          46 -0.18004366965177190     
          46           4 -0.18004366965177190     
           4          48  0.33496379328558812     
          48           4  0.33496379328558812     
           4          52   1.3714323397370092     
          52           4   1.3714323397370092     
           4          54   1.3887103347713312     
          54           4   1.3887103347713312     
           4          55 -0.13544846232436789     
          55           4 -0.13544846232436789     
           4          57 -0.62684631248159617     
          57           4 -0.62684631248159617     
           5           5  -3307.9766338517179     
           5           7 -0.83189262281174614     
           7           5 -0.83189262281174614     
           5           9  0.63741807943870565     
           9           5  0.63741807943870565     
           5          11  -1.8766779622706824     
          11           5  -1.8766779622706824     
           5          12  -1.8766779622706824     
          12           5  -1.8766779622706824     
           5          14  -1.0739687579942336     
          14           5  -1.0739687579942336     
           5          15   1.0835005266992168     
          15           5   1.0835005266992168     
           5          17  0.68647149963529819     
          17           5  0.68647149963529819     
           5          18  0.68647149963529819     
          18           5  0.68647149963529819     
           5          20   1.4578341279603191     
          20           5   1.4578341279603191     
           5          21 -0.39633450510544543     
          21           5 -0.39633450510544543     
           5          29   1.1249839481065214     
          29           5   1.1249839481065214     
           5          30   1.1249839481065214     
          30           5   1.1249839481065214     
           5          32  0.82290320207920786     
          32           5  0.82290320207920786     
           5          33 -0.64950978527330805     
          33           5 -0.64950978527330805     
           5          35  -1.2846526603644486     
          35           5  -1.2846526603644486     
           5          36  -1.2846526603644486     
          36           5  -1.2846526603644486     
           5          38  -1.8444281399429878     
          38           5  -1.8444281399429878     
           5          39  0.74169455927658323     
          39           5  0.74169455927658323     
           5          41 -3.74691948517857018E-002
          41           5 -3.74691948517857018E-002
           5          42   1.9340987039513347     
          42           5   1.9340987039513347     
           5          44   1.4522708244229234     
          44           5   1.4522708244229234     
           5          45  -2.3166215710271887     
          45           5  -2.3166215710271887     
           5          47 -0.77924511908198213     
          47           5 -0.77924511908198213     
           5          48  0.33496379328558812     
          48           5  0.33496379328558812     
           5          53  -1.1127682279471405     
          53           5  -1.1127682279471405     
           5          54   1.3887103347713312     
          54           5   1.3887103347713312     
           5          56  0.98588831059877158     
          56           5  0.98588831059877158     
           5          57 -0.62684631248159617     
          57           5 -0.62684631248159617     
           6           6  -3290.8024403264449     
           6           8  9.81417348617230623E-002
           8           6  9.81417348617230623E-002
           6          10  -2.9018078406714336     
          10           6  -2.9018078406714336     
           6          11  -2.9018078406714336     
          11           6  -2.9018078406714336     
           6          13   3.9644669452736934     
          13           6   3.9644669452736934     
           6          15   1.6753595379482185     
          15           6   1.6753595379482185     
           6          16   1.8766779622706824     
          16           6   1.8766779622706824     
           6          17   1.8766779622706824     
          17           6   1.8766779622706824     
           6          19  -1.9906335213986150     
          19           6  -1.9906335213986150     
           6          21  -1.0835005266992168     
          21           6  -1.0835005266992168     
           6          22  -1.9485293558199244     
          22           6  -1.9485293558199244     
           6          23  -1.9485293558199244     
          23           6  -1.9485293558199244     
           6          25   1.7566249580162390     
          25           6   1.7566249580162390     
           6          27   1.1249839481065214     
          27           6   1.1249839481065214     
           6          28  0.64232633018222418     
          28           6  0.64232633018222418     
           6          29  0.64232633018222418     
          29           6  0.64232633018222418     
           6          31 -0.12670043489578567     
          31           6 -0.12670043489578567     
           6          33 -0.37084727963829150     
          33           6 -0.37084727963829150     
           6          34  -1.1249839481065214     
          34           6  -1.1249839481065214     
           6          35  -1.1249839481065214     
          35           6  -1.1249839481065214     
           6          37   1.0141878923758905     
          37           6   1.0141878923758905     
           6          39  0.64950978527330794     
          39           6  0.64950978527330794     
           6          40   1.6484011612674907     
          40           6   1.6484011612674907     
           6          42   1.4186351940353379     
          42           6   1.4186351940353379     
           6          43   2.8512733075412617     
          43           6   2.8512733075412617     
           6          45   1.4732601269057835     
          45           6   1.4732601269057835     
           6          46  -2.1280767484859862     
          46           6  -2.1280767484859862     
           6          48  -1.8314501602808635     
          48           6  -1.8314501602808635     
           6          49 -0.22050756103252916     
          49           6 -0.22050756103252916     
           6          51  0.41024518792839648     
          51           6  0.41024518792839648     
           6          52  4.28325646512507235E-002
          52           6  4.28325646512507235E-002
           6          54  0.19822620903194796     
          54           6  0.19822620903194796     
           6          55   1.0842124625956988     
          55           6   1.0842124625956988     
           6          57   1.0978719170230833     
          57           6   1.0978719170230833     
           6          58 -0.16588980956964661     
          58           6 -0.16588980956964661     
           6          60 -0.76772680636256452     
          60           6 -0.76772680636256452     
           7           7  -3307.4470663442289     
           7           9 -0.71434394692755132     
           9           7 -0.71434394692755132     
           7          11  -2.9018078406714336     
          11           7  -2.9018078406714336     
           7          12  -2.9018078406714336     
          12           7  -2.9018078406714336     
           7          14 -0.77416541556129348     
          14           7 -0.77416541556129348     
           7          15   1.6753595379482185     
          15           7   1.6753595379482185     
           7          17   1.8766779622706824     
          17           7   1.8766779622706824     
           7          18   1.8766779622706824     
          18           7   1.8766779622706824     
           7          20   1.0739687579942336     
          20           7   1.0739687579942336     
           7          21  -1.0835005266992168     
          21           7  -1.0835005266992168     
           7          23  -1.9485293558199244     
          23           7  -1.9485293558199244     
           7          24  -1.9485293558199244     
          24           7  -1.9485293558199244     
           7          26  -1.4253101557123073     
          26           7  -1.4253101557123073     
           7          27   1.1249839481065214     
          27           7   1.1249839481065214     
           7          29  0.64232633018222418     
          29           7  0.64232633018222418     
           7          30  0.64232633018222418     
          30           7  0.64232633018222418     
           7          32  0.92221406997149380     
          32           7  0.92221406997149380     
           7          33 -0.37084727963829150     
          33           7 -0.37084727963829150     
           7          35  -1.1249839481065214     
          35           7  -1.1249839481065214     
           7          36  -1.1249839481065214     
          36           7  -1.1249839481065214     
           7          38 -0.82290320207920786     
          38           7 -0.82290320207920786     
           7          39  0.64950978527330794     
          39           7  0.64950978527330794     
           7          41 -0.88933062204180535     
          41           7 -0.88933062204180535     
           7          42   1.4186351940353379     
          42           7   1.4186351940353379     
           7          44  0.21582547370022248     
          44           7  0.21582547370022248     
           7          45   1.4732601269057835     
          45           7   1.4732601269057835     
           7          47   1.1481208961467315     
          47           7   1.1481208961467315     
           7          48  -1.8314501602808635     
          48           7  -1.8314501602808635     
           7          50 -0.95437646315258573     
          50           7 -0.95437646315258573     
           7          51  0.41024518792839648     
          51           7  0.41024518792839648     
           7          53 -0.31176525800276400     
          53           7 -0.31176525800276400     
           7          54  0.19822620903194796     
          54           7  0.19822620903194796     
           7          56 -0.87972052704559922     
          56           7 -0.87972052704559922     
           7          57   1.0978719170230833     
          57           7   1.0978719170230833     
           7          59   1.2074616521707633     
          59           7   1.2074616521707633     
           7          60 -0.76772680636256452     
          60           7 -0.76772680636256452     
           8           8  -3291.0633483912138     
           8          10  0.64232633018222418     
          10           8  0.64232633018222418     
           8          11  0.64232633018222418     
          11           8  0.64232633018222418     
           8          13 -0.12670043489578567     
          13           8 -0.12670043489578567     
           8          15 -0.37084727963829150     
          15           8 -0.37084727963829150     
           8          16   1.1249839481065214     
          16           8   1.1249839481065214     
           8          17   1.1249839481065214     
          17           8   1.1249839481065214     
           8          19  -1.0141878923758905     
          19           8  -1.0141878923758905     
           8          21 -0.64950978527330794     
          21           8 -0.64950978527330794     
           8          22  -3.2505015800976511     
          22           8  -3.2505015800976511     
           8          23  -3.2505015800976511     
          23           8  -3.2505015800976511     
           8          25   3.4478783983121497     
          25           8   3.4478783983121497     
           8          27   1.8766779622706824     
          27           8   1.8766779622706824     
           8          28  -2.2153363410361355     
          28           8  -2.2153363410361355     
           8          29  -2.2153363410361355     
          29           8  -2.2153363410361355     
           8          31   4.3012978085209133     
          31           8   4.3012978085209133     
           8          33   1.2790250328427735     
          33           8   1.2790250328427735     
           8          34   1.8766779622706824     
          34           8   1.8766779622706824     
           8          35   1.8766779622706824     
          35           8   1.8766779622706824     
           8          37  -1.9906335213986150     
          37           8  -1.9906335213986150     
           8          39  -1.0835005266992168     
          39           8  -1.0835005266992168     
           8          40 -0.83982736227673460     
          40           8 -0.83982736227673460     
           8          42 -0.85040793017984218     
          42           8 -0.85040793017984218     
           8          43  4.28325646512507235E-002
          43           8  4.28325646512507235E-002
           8          45  0.19822620903194796     
          45           8  0.19822620903194796     
           8          46  -1.0842124625956988     
          46           8  -1.0842124625956988     
           8          48  -1.0978719170230833     
          48           8  -1.0978719170230833     
           8          49  0.16588980956964661     
          49           8  0.16588980956964661     
           8          51  0.76772680636256452     
          51           8  0.76772680636256452     
           8          52   2.7374036926623546     
          52           8   2.7374036926623546     
           8          54   1.6851098310002386     
          54           8   1.6851098310002386     
           8          55  -2.1280767484859862     
          55           8  -2.1280767484859862     
           8          57  -1.8314501602808635     
          57           8  -1.8314501602808635     
           8          58 -0.22050756103252916     
          58           8 -0.22050756103252916     
           8          60  0.41024518792839648     
          60           8  0.41024518792839648     
           9           9  -3308.5762998040536     
           9          11  0.64232633018222418     
          11           9  0.64232633018222418     
           9          12  0.64232633018222418     
          12           9  0.64232633018222418     
           9          14  0.92221406997149380     
          14           9  0.92221406997149380     
           9          15 -0.37084727963829150     
          15           9 -0.37084727963829150     
           9          17   1.1249839481065214     
          17           9   1.1249839481065214     
           9          18   1.1249839481065214     
          18           9   1.1249839481065214     
           9          20  0.82290320207920786     
          20           9  0.82290320207920786     
           9          21 -0.64950978527330794     
          21           9 -0.64950978527330794     
           9          23  -3.2505015800976511     
          23           9  -3.2505015800976511     
           9          24  -3.2505015800976511     
          24           9  -3.2505015800976511     
           9          26  -1.8601684545876571     
          26           9  -1.8601684545876571     
           9          27   1.8766779622706824     
          27           9   1.8766779622706824     
           9          29  -2.2153363410361355     
          29           9  -2.2153363410361355     
           9          30  -2.2153363410361355     
          30           9  -2.2153363410361355     
           9          32  0.68366871239902594     
          32           9  0.68366871239902594     
           9          33   1.2790250328427735     
          33           9   1.2790250328427735     
           9          35   1.8766779622706824     
          35           9   1.8766779622706824     
           9          36   1.8766779622706824     
          36           9   1.8766779622706824     
           9          38   1.0739687579942336     
          38           9   1.0739687579942336     
           9          39  -1.0835005266992168     
          39           9  -1.0835005266992168     
           9          41  0.68142859011288326     
          41           9  0.68142859011288326     
           9          42 -0.85040793017984218     
          42           9 -0.85040793017984218     
           9          44 -0.31176525800276400     
          44           9 -0.31176525800276400     
           9          45  0.19822620903194796     
          45           9  0.19822620903194796     
           9          47  0.87972052704559922     
          47           9  0.87972052704559922     
           9          48  -1.0978719170230833     
          48           9  -1.0978719170230833     
           9          50  -1.2074616521707633     
          50           9  -1.2074616521707633     
           9          51  0.76772680636256452     
          51           9  0.76772680636256452     
           9          53 -0.27701241267341775     
          53           9 -0.27701241267341775     
           9          54   1.6851098310002386     
          54           9   1.6851098310002386     
           9          56   1.1481208961467315     
          56           9   1.1481208961467315     
           9          57  -1.8314501602808635     
          57           9  -1.8314501602808635     
           9          59 -0.95437646315258573     
          59           9 -0.95437646315258573     
           9          60  0.41024518792839648     
          60           9  0.41024518792839648     
          10          10  -3281.8287533107891     
          10          13  0.28196514615940410     
          13          10  0.28196514615940410     
          10          16  -3.8983620777708450     
          16          10  -3.8983620777708450     
          10          19  -1.0383346420098321     
          19          10  -1.0383346420098321     
          10          22  -1.2347781009543641     
          22          10  -1.2347781009543641     
          10          25 -0.35936294022318255     
          25          10 -0.35936294022318255     
          10          28  0.72054939393765771     
          28          10  0.72054939393765771     
          10          31  0.35538845423232590     
          31          10  0.35538845423232590     
          10          34   2.1386984069263719     
          34          10   2.1386984069263719     
          10          37  0.62243487082388949     
          37          10  0.62243487082388949     
          10          40  -2.0062531314645620     
          40          10  -2.0062531314645620     
          10          43 -0.89195186382928027     
          43          10 -0.89195186382928027     
          10          49  0.29008715433331872     
          49          10  0.29008715433331872     
          10          52 -0.42050128984617718     
          52          10 -0.42050128984617718     
          10          58 -0.54286483087766102     
          58          10 -0.54286483087766102     
          10          61   5.6721010324651164     
          61          10   5.6721010324651164     
          10          64   2.2518227309597960     
          64          10   2.2518227309597960     
          10          67  -4.5014407899992523     
          67          10  -4.5014407899992523     
          10          70  -2.1890016281377491     
          70          10  -2.1890016281377491     
          10          73  0.13366885115564919     
          73          10  0.13366885115564919     
          10          76  0.37450090589388135     
          76          10  0.37450090589388135     
          10          85   2.2088382166896454     
          85          10   2.2088382166896454     
          10          88   1.1736744480174532     
          88          10   1.1736744480174532     
          10          91 -0.29416305826982120     
          91          10 -0.29416305826982120     
          10          94 -0.26489091402735115     
          94          10 -0.26489091402735115     
          10          97   2.4695562019087287     
          97          10   2.4695562019087287     
          10         100   1.3122079246107845     
         100          10   1.3122079246107845     
          10         103 -0.77828229708414931     
         103          10 -0.77828229708414931     
          10         106 -0.70083548307696220     
         106          10 -0.70083548307696220     
          11          11  -3298.7496476219089     
          11          13  0.28196514615940410     
          13          11  0.28196514615940410     
          11          14  0.28196514615940410     
          14          11  0.28196514615940410     
          11          17 -0.50717533753147581     
          17          11 -0.50717533753147581     
          11          19  -1.0383346420098321     
          19          11  -1.0383346420098321     
          11          20  -1.0383346420098321     
          20          11  -1.0383346420098321     
          11          23 -6.11036529369109807E-002
          23          11 -6.11036529369109807E-002
          11          25 -0.35936294022318255     
          25          11 -0.35936294022318255     
          11          26 -0.35936294022318255     
          26          11 -0.35936294022318255     
          11          29 -0.44014443718987745     
          29          11 -0.44014443718987745     
          11          31  0.35538845423232590     
          31          11  0.35538845423232590     
          11          32  0.35538845423232590     
          32          11  0.35538845423232590     
          11          35  0.10583463141478505     
          35          11  0.10583463141478505     
          11          37  0.62243487082388949     
          37          11  0.62243487082388949     
          11          38  0.62243487082388949     
          38          11  0.62243487082388949     
          11          40  -2.0062531314645620     
          40          11  -2.0062531314645620     
          11          41  -2.0062531314645620     
          41          11  -2.0062531314645620     
          11          43 -0.89195186382928027     
          43          11 -0.89195186382928027     
          11          44 -0.89195186382928027     
          44          11 -0.89195186382928027     
          11          49  0.29008715433331872     
          49          11  0.29008715433331872     
          11          50  0.29008715433331872     
          50          11  0.29008715433331872     
          11          52 -0.42050128984617718     
          52          11 -0.42050128984617718     
          11          53 -0.42050128984617718     
          53          11 -0.42050128984617718     
          11          58 -0.54286483087766102     
          58          11 -0.54286483087766102     
          11          59 -0.54286483087766102     
          59          11 -0.54286483087766102     
          11          62   1.6439180727008564     
          62          11   1.6439180727008564     
          11          64   2.2518227309597960     
          64          11   2.2518227309597960     
          11          65   2.2518227309597960     
          65          11   2.2518227309597960     
          11          68 -0.58563563530027363     
          68          11 -0.58563563530027363     
          11          70  -2.1890016281377491     
          70          11  -2.1890016281377491     
          11          71  -2.1890016281377491     
          71          11  -2.1890016281377491     
          11          74 -0.53625873541552704     
          74          11 -0.53625873541552704     
          11          76  0.37450090589388135     
          76          11  0.37450090589388135     
          11          77  0.37450090589388135     
          77          11  0.37450090589388135     
          11          86  0.10930553731239008     
          86          11  0.10930553731239008     
          11          88   1.1736744480174532     
          88          11   1.1736744480174532     
          11          89   1.1736744480174532     
          89          11   1.1736744480174532     
          11          92  0.17968821403994656     
          92          11  0.17968821403994656     
          11          94 -0.26489091402735115     
          94          11 -0.26489091402735115     
          11          95 -0.26489091402735115     
          95          11 -0.26489091402735115     
          11          98  0.12220730587382192     
          98          11  0.12220730587382192     
          11         100   1.3122079246107845     
         100          11   1.3122079246107845     
          11         101   1.3122079246107845     
         101          11   1.3122079246107845     
          11         104  0.47541032787904330     
         104          11  0.47541032787904330     
          11         106 -0.70083548307696220     
         106          11 -0.70083548307696220     
          11         107 -0.70083548307696220     
         107          11 -0.70083548307696220     
          12          12  -3315.6705419330287     
          12          14  0.28196514615940410     
          14          12  0.28196514615940410     
          12          18   2.8840114027078934     
          18          12   2.8840114027078934     
          12          20  -1.0383346420098321     
          20          12  -1.0383346420098321     
          12          24   1.1125707950805421     
          24          12   1.1125707950805421     
          12          26 -0.35936294022318255     
          26          12 -0.35936294022318255     
          12          30  -1.6008382683174127     
          30          12  -1.6008382683174127     
          12          32  0.35538845423232590     
          32          12  0.35538845423232590     
          12          36  -1.9270291440968017     
          36          12  -1.9270291440968017     
          12          38  0.62243487082388949     
          38          12  0.62243487082388949     
          12          41  -2.0062531314645620     
          41          12  -2.0062531314645620     
          12          44 -0.89195186382928027     
          44          12 -0.89195186382928027     
          12          50  0.29008715433331872     
          50          12  0.29008715433331872     
          12          53 -0.42050128984617718     
          53          12 -0.42050128984617718     
          12          59 -0.54286483087766102     
          59          12 -0.54286483087766102     
          12          63  -2.3842648870634031     
          63          12  -2.3842648870634031     
          12          65   2.2518227309597960     
          65          12   2.2518227309597960     
          12          69   3.3301695193987042     
          69          12   3.3301695193987042     
          12          71  -2.1890016281377491     
          71          12  -2.1890016281377491     
          12          75  -1.2061863219867033     
          75          12  -1.2061863219867033     
          12          77  0.37450090589388135     
          77          12  0.37450090589388135     
          12          87  -1.9902271420648652     
          87          12  -1.9902271420648652     
          12          89   1.1736744480174532     
          89          12   1.1736744480174532     
          12          93  0.65353948634971426     
          93          12  0.65353948634971426     
          12          95 -0.26489091402735115     
          95          12 -0.26489091402735115     
          12          99  -2.2251415901610847     
          99          12  -2.2251415901610847     
          12         101   1.3122079246107845     
         101          12   1.3122079246107845     
          12         105   1.7291029528422359     
         105          12   1.7291029528422359     
          12         107 -0.70083548307696220     
         107          12 -0.70083548307696220     
          13          13  -3291.1446002331750     
          13          15  0.48837795911167248     
          15          13  0.48837795911167248     
          13          16  -1.0383346420098321     
          16          13  -1.0383346420098321     
          13          17  -1.0383346420098321     
          17          13  -1.0383346420098321     
          13          19  -1.1013843538255803     
          19          13  -1.1013843538255803     
          13          21  -1.7984483552198709     
          21          13  -1.7984483552198709     
          13          22 -0.35936294022318255     
          22          13 -0.35936294022318255     
          13          23 -0.35936294022318255     
          23          13 -0.35936294022318255     
          13          25 -0.32397043847281887     
          25          13 -0.32397043847281887     
          13          27 -0.62243487082388949     
          27          13 -0.62243487082388949     
          13          28  0.35538845423232590     
          28          13  0.35538845423232590     
          13          29  0.35538845423232590     
          29          13  0.35538845423232590     
          13          31  7.01012391869450940E-002
          31          13  7.01012391869450940E-002
          13          33  0.61555085915375518     
          33          13  0.61555085915375518     
          13          34  0.62243487082388949     
          34          13  0.62243487082388949     
          13          35  0.62243487082388949     
          35          13  0.62243487082388949     
          13          37  0.56113325958528937     
          37          13  0.56113325958528937     
          13          39   1.0780888206695480     
          39          13   1.0780888206695480     
          13          40   2.1280767484859857     
          40          13   2.1280767484859857     
          13          43   1.9139915262763505     
          43          13   1.9139915262763505     
          13          49  0.14233701859863351     
          49          13  0.14233701859863351     
          13          52  8.29449047848232063E-002
          52          13  8.29449047848232063E-002
          13          58  0.10708141162812686     
          58          13  0.10708141162812686     
          13          61  -1.6444988069994229     
          61          13  -1.6444988069994229     
          13          62  -1.6444988069994229     
          62          13  -1.6444988069994229     
          13          64   3.3392905791984697     
          64          13   3.3392905791984697     
          13          66   1.8386055606840086     
          66          13   1.8386055606840086     
          13          67   1.5986207601954407     
          67          13   1.5986207601954407     
          13          68   1.5986207601954407     
          68          13   1.5986207601954407     
          13          70  -2.3219220915744123     
          70          13  -2.3219220915744123     
          13          72  -1.7873123450196979     
          72          13  -1.7873123450196979     
          13          73 -0.27349679195226434     
          73          13 -0.27349679195226434     
          13          74 -0.27349679195226434     
          74          13 -0.27349679195226434     
          13          76 -0.18375630086044104     
          76          13 -0.18375630086044104     
          13          78  0.30577870921669026     
          78          13  0.30577870921669026     
          13          85 -0.85713062712877819     
          85          13 -0.85713062712877819     
          13          86 -0.85713062712877819     
          86          13 -0.85713062712877819     
          13          88   1.0580830213388512     
          88          13   1.0580830213388512     
          13          90  0.95830117392848690     
          90          13  0.95830117392848690     
          13          91  0.19344897185458915     
          91          13  0.19344897185458915     
          13          92  0.19344897185458915     
          92          13  0.19344897185458915     
          13          94 -5.22503787096604000E-002
          94          13 -5.22503787096604000E-002
          13          96 -0.21628252562215247     
          96          13 -0.21628252562215247     
          13          97 -0.95830117392848679     
          97          13 -0.95830117392848679     
          13          98 -0.95830117392848679     
          98          13 -0.95830117392848679     
          13         100   1.1829727807760160     
         100          13   1.1829727807760160     
          13         102   1.0714132839109729     
         102          13   1.0714132839109729     
          13         103  0.51181787090837638     
         103          13  0.51181787090837638     
          13         104  0.51181787090837638     
         104          13  0.51181787090837638     
          13         106 -0.13824150797470536     
         106          13 -0.13824150797470536     
          13         108 -0.57222977572517097     
         108          13 -0.57222977572517097     
          14          14  -3307.6050473887349     
          14          15  0.48837795911167248     
          15          14  0.48837795911167248     
          14          17  -1.0383346420098321     
          17          14  -1.0383346420098321     
          14          18  -1.0383346420098321     
          18          14  -1.0383346420098321     
          14          20  0.59420901629410450     
          20          14  0.59420901629410450     
          14          21  -1.7984483552198709     
          21          14  -1.7984483552198709     
