 1, 1, 16.000000000007276 
 1, 4, 34.760236981567935 
 4, 1, 34.760236981567935 
 1, 7, 5.4772255750516594 
 7, 1, 5.4772255750516594 
 1,10, -13.151342103053352 
10, 1, -13.151342103053352 
 2, 2, 7.27595761418342590E-012
 2, 5, 25.815965071568776 
 5, 2, 25.815965071568776 
 2, 7, 5.4772255750516594 
 7, 2, 5.4772255750516594 
 2, 8, 5.4772255750516594 
 8, 2, 5.4772255750516594 
 2,11, -13.151342103053352 
11, 2, -13.151342103053352 
 3, 3, -15.999999999992724 
 3, 6, 16.871693161569620 
 6, 3, 16.871693161569620 
 3, 8, 5.4772255750516594 
 8, 3, 5.4772255750516594 
 3,12, -13.151342103053352 
12, 3, -13.151342103053352 
 4, 4, 38.207500801378046 
 4, 7, 1.7496355305594127 
 7, 4, 1.7496355305594127 
 4,10, 8.4020842679378127 
10, 4, 8.4020842679378127 
 4,19, 29.794488841343941 
19, 4, 29.794488841343941 
 4,22, 4.2857142857142847 
22, 4, 4.2857142857142847 
 4,25, -7.2764184207717246 
25, 4, -7.2764184207717246 
 5, 5, 16.493215087088174 
 5, 7, 1.7496355305594127 
 7, 5, 1.7496355305594127 
 5, 8, 1.7496355305594127 
 8, 5, 1.7496355305594127 
 5,11, 8.4020842679378127 
11, 5, 8.4020842679378127 
 5,20, 22.127970061344666 
20, 5, 22.127970061344666 
 5,22, 4.2857142857142847 
22, 5, 4.2857142857142847 
 5,23, 4.2857142857142847 
23, 5, 4.2857142857142847 
 5,26, -7.2764184207717246 
26, 5, -7.2764184207717246 
 6, 6, -5.2210706271944218 
 6, 8, 1.7496355305594127 
 8, 6, 1.7496355305594127 
 6,12, 8.4020842679378127 
12, 6, 8.4020842679378127 
 6,21, 14.461451281345388 
21, 6, 14.461451281345388 
 6,23, 4.2857142857142847 
23, 6, 4.2857142857142847 
 6,27, -7.2764184207717246 
27, 6, -7.2764184207717246 
 7, 7, 17.675178972109279 
 7, 9, 3.0304576336566322 
 9, 7, 3.0304576336566322 
 7,13, 4.2010421339689072 
13, 7, 4.2010421339689072 
 7,16, 7.8594301663566624 
16, 7, 7.8594301663566624 
 7,19, -3.1298431857438058 
19, 7, -3.1298431857438058 
 7,20, -3.1298431857438058 
20, 7, -3.1298431857438058 
 7,22, 23.699251651781243 
22, 7, 23.699251651781243 
 7,24, 3.4992710611188258 
24, 7, 3.4992710611188258 
 7,28, -6.6424308448379863 
28, 7, -6.6424308448379863 
 8, 8, -1.1819638850283809 
 8, 9, 3.0304576336566322 
 9, 8, 3.0304576336566322 
 8,14, 4.2010421339689072 
14, 8, 4.2010421339689072 
 8,17, 7.8594301663566624 
17, 8, 7.8594301663566624 
 8,20, -3.1298431857438058 
20, 8, -3.1298431857438058 
 8,21, -3.1298431857438058 
21, 8, -3.1298431857438058 
 8,23, 16.700709529543591 
23, 8, 16.700709529543591 
 8,24, 3.4992710611188258 
24, 8, 3.4992710611188258 
 8,29, -6.6424308448379863 
29, 8, -6.6424308448379863 
 9, 9, -16.493215087080898 
 9,15, -8.4020842679378145 
15, 9, -8.4020842679378145 
 9,18, 12.426850218361562 
18, 9, 12.426850218361562 
 9,22, -1.2371791482634840 
22, 9, -1.2371791482634840 
 9,23, -1.2371791482634840 
23, 9, -1.2371791482634840 
 9,24, 14.283543255494036 
24, 9, 14.283543255494036 
 9,30, -4.6969078939476283 
30, 9, -4.6969078939476283 
10,10, -6.2075008013634942 
10,13, -1.7496355305594127 
13,10, -1.7496355305594127 
10,16, -3.2732683535398852 
16,10, -3.2732683535398852 
10,19, -1.8787631575790507 
19,10, -1.8787631575790507 
10,25, 19.232259848547965 
25,10, 19.232259848547965 
10,28, 2.7664166758624407 
28,10, 2.7664166758624407 
10,31, -11.114912733785818 
31,10, -11.114912733785818 
11,11, -16.493215087073622 
11,13, -1.7496355305594127 
13,11, -1.7496355305594127 
11,14, -1.7496355305594127 
14,11, -1.7496355305594127 
11,16, -3.2732683535398852 
16,11, -3.2732683535398852 
11,17, -3.2732683535398852 
17,11, -3.2732683535398852 
11,20, -1.8787631575790507 
20,11, -1.8787631575790507 
11,26, 14.283543255494033 
26,11, 14.283543255494033 
11,28, 2.7664166758624407 
28,11, 2.7664166758624407 
11,29, 2.7664166758624407 
29,11, 2.7664166758624407 
11,32, -11.114912733785818 
32,11, -11.114912733785818 
12,12, -26.778929372791026 
12,14, -1.7496355305594127 
14,12, -1.7496355305594127 
12,17, -3.2732683535398852 
17,12, -3.2732683535398852 
12,21, -1.8787631575790507 
21,12, -1.8787631575790507 
12,27, 9.3348266624401006 
27,12, 9.3348266624401006 
12,29, 2.7664166758624407 
29,12, 2.7664166758624407 
12,33, -11.114912733785818 
33,12, -11.114912733785818 
13,13, -1.6751789721092791 
13,15, -3.0304576336566322 
15,13, -3.0304576336566322 
13,16, 18.100602434682461 
16,13, 18.100602434682461 
13,22, -1.7150682693594654 
22,13, -1.7150682693594654 
13,25, -2.0203050891044212 
25,13, -2.0203050891044212 
13,26, -2.0203050891044212 
26,13, -2.0203050891044212 
13,28, 15.297801160821226 
28,13, 15.297801160821226 
13,30, 2.2587697572631282 
30,13, 2.2587697572631282 
13,34, -10.146480714993180 
34,13, -10.146480714993180 
14,14, -14.818036114971619 
14,15, -3.0304576336566322 
15,14, -3.0304576336566322 
14,17, 12.755377596433972 
17,14, 12.755377596433972 
14,23, -1.7150682693594654 
23,14, -1.7150682693594654 
14,26, -2.0203050891044212 
26,14, -2.0203050891044212 
14,27, -2.0203050891044212 
27,14, -2.0203050891044212 
14,29, 10.780261646294973 
29,14, 10.780261646294973 
14,30, 2.2587697572631282 
30,14, 2.2587697572631282 
14,35, -10.146480714993180 
35,14, -10.146480714993180 
15,15, 16.493215087080898 
15,16, -2.8347335475692037 
16,15, -2.8347335475692037 
15,17, -2.8347335475692037 
17,15, -2.8347335475692037 
15,18, 24.393794083750279 
18,15, 24.393794083750279 
15,24, -1.2127364034619543 
24,15, -1.2127364034619543 
15,28, -0.79859570624992493 
28,15, -0.79859570624992493 
15,29, -0.79859570624992493 
29,15, -0.79859570624992493 
15,30, 9.2199875255602795 
30,15, 9.2199875255602795 
15,36, -7.1746453187502084 
36,15, -7.1746453187502084 
16,16, 8.0000000000000000 
16,22, -3.2085989294352220 
22,16, -3.2085989294352220 
16,25, -3.7796447300922722 
25,16, -3.7796447300922722 
16,26, -3.7796447300922722 
26,16, -3.7796447300922722 
16,28, 11.447826142957146 
28,16, 11.447826142957146 
16,30, -0.84515425472851669 
30,16, -0.84515425472851669 
16,34, 3.7964654517013581 
34,16, 3.7964654517013581 
16,37, 19.372334507746423 
37,16, 19.372334507746423 
16,39, 2.6756477550475344 
39,16, 2.6756477550475344 
16,40, -8.4116266722260278 
40,16, -8.4116266722260278 
17,17, -8.0000000000000000 
17,23, -3.2085989294352220 
23,17, -3.2085989294352220 
17,26, -3.7796447300922722 
26,17, -3.7796447300922722 
17,27, -3.7796447300922722 
27,17, -3.7796447300922722 
17,29, 8.0672091240430799 
29,17, 8.0672091240430799 
17,30, -0.84515425472851669 
30,17, -0.84515425472851669 
17,35, 3.7964654517013581 
35,17, 3.7964654517013581 
17,38, 13.651558972272870 
38,17, 13.651558972272870 
17,39, 2.6756477550475344 
39,17, 2.6756477550475344 
17,41, -8.4116266722260278 
41,17, -8.4116266722260278 
18,18, 0.0000000000000000 
18,24, -5.7397162550001672 
24,18, -5.7397162550001672 
18,28, -2.6457513110645912 
28,18, -2.6457513110645912 
18,29, -2.6457513110645912 
29,18, -2.6457513110645912 
18,30, 17.454778176127306 
30,18, 17.454778176127306 
18,36, 6.7913238593869449 
36,18, 6.7913238593869449 
18,37, -1.2792042981336627 
37,18, -1.2792042981336627 
18,38, -1.2792042981336627 
38,18, -1.2792042981336627 
18,39, 13.814885797625713 
39,18, 13.814885797625713 
18,42, -7.0376717947793663 
42,18, -7.0376717947793663 
19,19, 36.188637092156569 
19,22, 0.87119531590900900 
22,19, 0.87119531590900900 
19,25, 8.8748543026784947 
25,19, 8.8748543026784947 
19,43, 29.396432510909779 
43,19, 29.396432510909779 
19,46, 4.0850774285132587 
46,19, 4.0850774285132587 
19,49, -6.2035421299502440 
49,19, -6.2035421299502440 
20,20, 14.993831897358177 
20,22, 0.87119531590900900 
22,20, 0.87119531590900900 
20,23, 0.87119531590900900 
23,20, 0.87119531590900900 
20,26, 8.8748543026784947 
26,20, 8.8748543026784947 
20,44, 21.832338926020292 
44,20, 21.832338926020292 
20,46, 4.0850774285132587 
46,20, 4.0850774285132587 
20,47, 4.0850774285132587 
47,20, 4.0850774285132587 
20,50, -6.2035421299502440 
50,20, -6.2035421299502440 
21,21, -6.2009732974474900 
21,23, 0.87119531590900900 
23,21, 0.87119531590900900 
21,27, 8.8748543026784947 
27,21, 8.8748543026784947 
21,45, 14.268245341130804 
45,21, 14.268245341130804 
21,47, 4.0850774285132587 
47,21, 4.0850774285132587 
21,51, -6.2035421299502440 
51,21, -6.2035421299502440 
22,22, 22.952549320536491 
22,24, 1.7532467532467533 
24,22, 1.7532467532467533 
22,28, 7.5436261572767229 
28,22, 7.5436261572767229 
22,37, 4.2829906603539172 
37,22, 4.2829906603539172 
22,43, -3.3827654887965934 
43,22, -3.3827654887965934 
22,44, -3.3827654887965934 
44,22, -3.3827654887965934 
22,46, 24.745847571232744 
46,22, 24.745847571232744 
22,48, 3.2680619428106086 
48,22, 3.2680619428106086 
22,52, -5.9931910777311641 
52,22, -5.9931910777311641 
23,23, 2.5369649049534928 
23,24, 1.7532467532467533 
24,23, 1.7532467532467533 
23,29, 7.5436261572767229 
29,23, 7.5436261572767229 
23,38, 4.2829906603539172 
38,23, 4.2829906603539172 
23,44, -3.3827654887965934 
44,23, -3.3827654887965934 
23,45, -3.3827654887965934 
45,23, -3.3827654887965934 
23,47, 17.438238912428194 
47,23, 17.438238912428194 
23,48, 3.2680619428106086 
48,23, 3.2680619428106086 
23,53, -5.9931910777311641 
53,23, -5.9931910777311641 
24,24, 5.9975327589418157 
24,30, 3.5499417210713982 
30,24, 3.5499417210713982 
24,39, 8.0127418208985191 
39,24, 8.0127418208985191 
24,46, -1.8269021647011374 
46,24, -1.8269021647011374 
24,47, -1.8269021647011374 
47,24, -1.8269021647011374 
24,48, 18.865296989239187 
48,24, 18.865296989239187 
24,54, -5.3604730607808442 
54,24, -5.3604730607808442 
25,25, 24.075454836871359 
25,28, 0.34847812636360359 
28,25, 0.34847812636360359 
25,31, 3.5002897412020597 
31,25, 3.5002897412020597 
25,37, -2.5226248955475645 
37,25, -2.5226248955475645 
25,43, -2.8716819968468803 
43,25, -2.8716819968468803 
25,49, 25.401420874860403 
49,25, 25.401420874860403 
25,52, 3.5299103396150939 
52,25, 3.5299103396150939 
25,55, -7.5977564081182161 
55,25, -7.5977564081182161 
26,26, 5.9975327589490917 
26,28, 0.34847812636360359 
28,26, 0.34847812636360359 
26,29, 0.34847812636360359 
29,26, 0.34847812636360359 
26,32, 3.5002897412020597 
32,26, 3.5002897412020597 
26,37, -2.5226248955475645 
37,26, -2.5226248955475645 
26,38, -2.5226248955475645 
38,26, -2.5226248955475645 
26,44, -2.8716819968468803 
44,26, -2.8716819968468803 
26,50, 18.865296989239184 
50,26, 18.865296989239184 
26,52, 3.5299103396150939 
52,26, 3.5299103396150939 
26,53, 3.5299103396150939 
53,26, 3.5299103396150939 
26,56, -7.5977564081182161 
56,26, -7.5977564081182161 
27,27, -12.080389318973175 
27,29, 0.34847812636360359 
29,27, 0.34847812636360359 
27,33, 3.5002897412020597 
33,27, 3.5002897412020597 
27,38, -2.5226248955475645 
38,27, -2.5226248955475645 
27,45, -2.8716819968468803 
45,27, -2.8716819968468803 
27,51, 12.329173103617968 
51,27, 12.329173103617968 
27,53, 3.5299103396150939 
53,27, 3.5299103396150939 
27,57, -7.5977564081182161 
57,27, -7.5977564081182161 
28,28, 13.981019728213141 
28,30, 0.70129870129870131 
30,28, 0.70129870129870131 
28,34, 2.9752462800217510 
34,28, 2.9752462800217510 
28,37, 7.6405517688481099 
37,28, 7.6405517688481099 
28,39, -1.0552897060221726 
39,28, -1.0552897060221726 
28,40, 3.3175902999025264 
40,28, 3.3175902999025264 
28,46, -2.7743083807705160 
46,28, -2.7743083807705160 
28,49, -2.9230434635218194 
49,28, -2.9230434635218194 
28,50, -2.9230434635218194 
50,28, -2.9230434635218194 
28,52, 21.382856196198045 
52,28, 21.382856196198045 
28,54, 2.8239282716920755 
54,28, 2.8239282716920755 
28,58, -7.3401300357210735 
58,28, -7.3401300357210735 
29,29, -3.7852140380200581 
29,30, 0.70129870129870131 
30,29, 0.70129870129870131 
29,35, 2.9752462800217510 
35,29, 2.9752462800217510 
29,38, 5.3842474695770441 
38,29, 5.3842474695770441 
29,39, -1.0552897060221726 
39,29, -1.0552897060221726 
29,41, 3.3175902999025264 
41,29, 3.3175902999025264 
29,47, -2.7743083807705160 
47,29, -2.7743083807705160 
29,50, -2.9230434635218194 
50,29, -2.9230434635218194 
29,51, -2.9230434635218194 
51,29, -2.9230434635218194 
29,53, 15.068360617111068 
53,29, 15.068360617111068 
29,54, 2.8239282716920755 
54,29, 2.8239282716920755 
29,59, -7.3401300357210735 
59,29, -7.3401300357210735 
30,30, 2.3990131035752711 
30,36, 1.4001158964808240 
36,30, 1.4001158964808240 
30,37, -2.2563042992710645 
37,30, -2.2563042992710645 
30,38, -2.2563042992710645 
38,30, -2.2563042992710645 
30,39, 12.183584070425272 
39,30, 12.183584070425272 
30,42, 6.2066431259599328 
42,30, 6.2066431259599328 
30,48, -2.4814168519800979 
48,30, -2.4814168519800979 
30,52, -1.5786238947717441 
52,30, -1.5786238947717441 
30,53, -1.5786238947717441 
53,30, -1.5786238947717441 
30,54, 16.301479731428486 
54,30, 16.301479731428486 
30,60, -6.5652118894241127 
60,30, -6.5652118894241127 
31,31, -12.264091929006099 
31,34, -1.2196734422726125 
34,31, -1.2196734422726125 
31,40, -3.3028912953790814 
40,31, -3.3028912953790814 
31,49, -0.52429500255150541 
49,31, -0.52429500255150541 
31,55, 13.146484278075819 
55,31, 13.146484278075819 
31,58, 1.8269021647011370 
58,31, 1.8269021647011370 
32,32, -20.991364656278165 
32,34, -1.2196734422726125 
34,32, -1.2196734422726125 
32,35, -1.2196734422726125 
35,32, -1.2196734422726125 
32,40, -3.3028912953790814 
40,32, -3.3028912953790814 
32,41, -3.3028912953790814 
41,32, -3.3028912953790814 
32,50, -0.52429500255150541 
50,32, -0.52429500255150541 
32,56, 9.7637187892792259 
56,32, 9.7637187892792259 
32,58, 1.8269021647011370 
58,32, 1.8269021647011370 
32,59, 1.8269021647011370 
59,32, 1.8269021647011370 
33,33, -29.718637383550231 
33,35, -1.2196734422726125 
35,33, -1.2196734422726125 
33,41, -3.3028912953790814 
41,33, -3.3028912953790814 
33,51, -0.52429500255150541 
51,33, -0.52429500255150541 
33,57, 6.3809533004826315 
57,33, 6.3809533004826315 
33,59, 1.8269021647011370 
59,33, 1.8269021647011370 
34,34, -12.933569048749632 
34,36, -2.4545454545454541 
36,34, -2.4545454545454541 
34,37, -0.72395755591212274 
37,34, -0.72395755591212274 
34,40, 10.003830523421485 
40,34, 10.003830523421485 
34,42, -1.3816985594155147 
42,34, -1.3816985594155147 
34,52, -0.50651709387454780 
52,34, -0.50651709387454780 
34,55, -1.5128187169778970 
55,34, -1.5128187169778970 
34,56, -1.5128187169778970 
56,34, -1.5128187169778970 
34,58, 11.066679466024894 
58,34, 11.066679466024894 
34,60, 1.4615217317609097 
60,34, 1.4615217317609097 
35,35, -22.751750866933435 
35,36, -2.4545454545454541 
36,35, -2.4545454545454541 
35,38, -0.72395755591212274 
38,35, -0.72395755591212274 
35,41, 7.0496347399174999 
41,35, 7.0496347399174999 
35,42, -1.3816985594155147 
42,35, -1.3816985594155147 
35,53, -0.50651709387454780 
53,35, -0.50651709387454780 
35,56, -1.5128187169778970 
56,35, -1.5128187169778970 
35,57, -1.5128187169778970 
57,35, -1.5128187169778970 
35,59, 7.7986175232142863 
59,35, 7.7986175232142863 
35,60, 1.4615217317609097 
60,35, 1.4615217317609097 
36,36, -8.3965458625170868 
36,39, -1.3544005683947014 
39,36, -1.3544005683947014 
36,40, -2.9541957835039852 
40,36, -2.9541957835039852 
36,41, -2.9541957835039852 
41,36, -2.9541957835039852 
36,42, 15.952056068166284 
42,36, 15.952056068166284 
36,54, -0.45304266146765260 
54,36, -0.45304266146765260 
36,58, -0.81701548570265192 
58,36, -0.81701548570265192 
36,59, -0.81701548570265192 
59,36, -0.81701548570265192 
36,60, 8.4368172967321868 
60,36, 8.4368172967321868 
37,37, 17.377481157585862 
37,39, 0.86345939694783258 
39,37, 0.86345939694783258 
37,40, 4.0717792990775568 
40,37, 4.0717792990775568 
37,46, -2.4591615427642459 
46,37, -2.4591615427642459 
37,49, -2.5910011025251825 
49,37, -2.5910011025251825 
37,50, -2.5910011025251825 
50,37, -2.5910011025251825 
37,52, 5.4153932043667581 
52,37, 5.4153932043667581 
37,54, -1.0727763750424182 
54,37, -1.0727763750424182 
37,58, 2.7884270896663392 
58,37, 2.7884270896663392 
37,61, 22.529397548242596 
61,37, 22.529397548242596 
37,63, 2.8808666950724273 
63,37, 2.8808666950724273 
37,64, -6.6227495250001898 
64,37, -6.6227495250001898 
38,38, -1.3917496116482653 
38,39, 0.86345939694783258 
39,38, 0.86345939694783258 
38,41, 4.0717792990775568 
41,38, 4.0717792990775568 
38,47, -2.4591615427642459 
47,38, -2.4591615427642459 
38,50, -2.5910011025251825 
50,38, -2.5910011025251825 
38,51, -2.5910011025251825 
51,38, -2.5910011025251825 
38,53, 3.8161926048663206 
53,38, 3.8161926048663206 
38,54, -1.0727763750424182 
54,38, -1.0727763750424182 
38,59, 2.7884270896663392 
59,38, 2.7884270896663392 
38,62, 15.876320900644624 
62,38, 15.876320900644624 
38,63, 2.8808666950724273 
63,38, 2.8808666950724273 
38,65, -6.6227495250001898 
65,38, -6.6227495250001898 
39,39, 5.3285771819791989 
39,42, 2.7145195327183709 
42,39, 2.7145195327183709 
39,48, -4.7028163694187697 
48,39, -4.7028163694187697 
39,52, -1.9233195223031121 
52,39, -1.9233195223031121 
39,53, -1.9233195223031121 
53,39, -1.9233195223031121 
39,54, 8.8270843749766215 
54,39, 8.8270843749766215 
39,60, 5.3324925321795993 
60,39, 5.3324925321795993 
39,61, -1.7781095273755831 
61,39, -1.7781095273755831 
39,62, -1.7781095273755831 
62,39, -1.7781095273755831 
39,63, 17.778393043092642 
63,39, 17.778393043092642 
39,66, -6.1314746260042945 
66,39, -6.1314746260042945 
40,40, -1.3774811575858621 
40,42, -0.86345939694783258 
42,40, -0.86345939694783258 
40,52, -0.88177806926601954 
52,40, -0.88177806926601954 
40,55, -4.0967324519935122 
55,40, -4.0967324519935122 
40,56, -4.0967324519935122 
56,40, -4.0967324519935122 
40,58, 8.5624884755983270 
58,40, 8.5624884755983270 
40,60, -1.6962083825765268 
60,40, -1.6962083825765268 
40,61, -0.81520411341494114 
61,40, -0.81520411341494114 
40,64, 15.252474242936177 
64,40, 15.252474242936177 
40,66, 1.9503559724504227 
66,40, 1.9503559724504227 
41,41, -14.608250388351735 
41,42, -0.86345939694783258 
42,41, -0.86345939694783258 
41,53, -0.88177806926601954 
53,41, -0.88177806926601954 
41,56, -4.0967324519935122 
56,41, -4.0967324519935122 
41,57, -4.0967324519935122 
57,41, -4.0967324519935122 
41,59, 6.0339303106342701 
59,41, 6.0339303106342701 
41,60, -1.6962083825765268 
60,41, -1.6962083825765268 
41,62, -0.81520411341494114 
62,41, -0.81520411341494114 
41,65, 10.748320060096791 
65,41, 10.748320060096791 
41,66, 1.9503559724504227 
66,41, 1.9503559724504227 
42,42, -5.3285771819791989 
42,54, -1.6862822007526259 
54,42, -1.6862822007526259 
42,58, -3.0410351793724253 
58,42, -3.0410351793724253 
42,59, -3.0410351793724253 
59,42, -3.0410351793724253 
42,60, 13.956845861704965 
60,42, 13.956845861704965 
42,63, -0.75473235361681523 
63,42, -0.75473235361681523 
42,64, -1.2037858406706947 
64,42, -1.2037858406706947 
42,65, -1.2037858406706947 
65,42, -1.2037858406706947 
42,66, 12.036028987899785 
66,42, 12.036028987899785 
43,43, 35.784864350316639 
43,46, 0.58915824530980543 
46,43, 0.58915824530980543 
43,49, 8.9468756956146773 
49,43, 8.9468756956146773 
43,67, 29.279227958993868 
67,43, 29.279227958993868 
43,70, 3.9954725508977500 
70,43, 3.9954725508977500 
43,73, -5.7332196866986980 
73,43, -5.7332196866986980 
44,44, 14.693955259404902 
44,46, 0.58915824530980543 
46,44, 0.58915824530980543 
44,47, 0.58915824530980543 
47,44, 0.58915824530980543 
44,50, 8.9468756956146773 
50,44, 8.9468756956146773 
44,68, 21.745292666235166 
68,44, 21.745292666235166 
44,70, 3.9954725508977500 
70,44, 3.9954725508977500 
44,71, 3.9954725508977500 
71,44, 3.9954725508977500 
44,74, -5.7332196866986980 
74,44, -5.7332196866986980 
45,45, -6.3969538314995589 
45,47, 0.58915824530980543 
47,45, 0.58915824530980543 
45,51, 8.9468756956146773 
51,45, 8.9468756956146773 
45,69, 14.211357373476467 
69,45, 14.211357373476467 
45,71, 3.9954725508977500 
71,45, 3.9954725508977500 
45,75, -5.7332196866986980 
75,45, -5.7332196866986980 
46,46, 24.008023390219023 
46,48, 1.2196734422726128 
48,46, 1.2196734422726128 
46,52, 8.3078131459279163 
52,46, 8.3078131459279163 
46,61, 2.9245270041194016 
61,46, 2.9245270041194016 
46,67, -3.4875343622109027 
67,46, -3.4875343622109027 
46,68, -3.4875343622109027 
68,46, -3.4875343622109027 
46,70, 25.052542292565811 
70,46, 25.052542292565811 
46,72, 3.1263006343134374 
72,46, 3.1263006343134374 
46,76, -5.6299099693088115 
76,46, -5.6299099693088115 
47,47, 3.2807506629469572 
47,48, 1.2196734422726128 
48,47, 1.2196734422726128 
47,53, 8.3078131459279163 
53,47, 8.3078131459279163 
47,62, 2.9245270041194016 
62,47, 2.9245270041194016 
47,68, -3.4875343622109027 
68,47, -3.4875343622109027 
47,69, -3.4875343622109027 
69,47, -3.4875343622109027 
47,71, 17.654364701144520 
71,47, 17.654364701144520 
47,72, 3.1263006343134374 
72,47, 3.1263006343134374 
47,77, -5.6299099693088115 
77,47, -5.6299099693088115 
48,48, 10.495682328146358 
48,54, 6.3906254968676288 
54,48, 6.3906254968676288 
48,63, 5.6633221912441547 
63,48, 5.6633221912441547 
48,70, -2.0678535005042091 
70,48, -2.0678535005042091 
48,71, -2.0678535005042091 
71,48, -2.0678535005042091 
48,72, 20.177116994664754 
72,48, 20.177116994664754 
48,78, -5.3197648865979996 
78,48, -5.3197648865979996 
49,49, 30.132045964513964 
49,52, 0.42082731807843249 
52,49, 0.42082731807843249 
49,55, 5.0724017360580982 
55,49, 5.0724017360580982 
49,61, -1.9258222162991072 
61,49, -1.9258222162991072 
49,67, -3.3100759294387547 
67,49, -3.3100759294387547 
49,73, 27.167737731090298 
73,49, 27.167737731090298 
49,76, 3.7073364955723545 
76,49, 3.7073364955723545 
49,79, -6.2240996572262031 
79,49, -6.2240996572262031 
50,50, 10.495682328153634 
50,52, 0.42082731807843249 
52,50, 0.42082731807843249 
50,53, 0.42082731807843249 
53,50, 0.42082731807843249 
50,56, 5.0724017360580982 
56,50, 5.0724017360580982 
50,61, -1.9258222162991072 
61,50, -1.9258222162991072 
50,62, -1.9258222162991072 
62,50, -1.9258222162991072 
50,68, -3.3100759294387547 
68,50, -3.3100759294387547 
50,74, 20.177116994664747 
74,50, 20.177116994664747 
50,76, 3.7073364955723545 
76,50, 3.7073364955723545 
50,77, 3.7073364955723545 
77,50, 3.7073364955723545 
50,80, -6.2240996572262031 
80,50, -6.2240996572262031 
51,51, -9.1406813082139706 
51,53, 0.42082731807843249 
53,51, 0.42082731807843249 
51,57, 5.0724017360580982 
57,51, 5.0724017360580982 
51,62, -1.9258222162991072 
62,51, -1.9258222162991072 
51,69, -3.3100759294387547 
69,51, -3.3100759294387547 
51,75, 13.186496258239192 
75,51, 13.186496258239192 
51,77, 3.7073364955723545 
77,51, 3.7073364955723545 
51,81, -6.2240996572262031 
81,51, -6.2240996572262031 
52,52, 19.434302421585016 
52,54, 0.87119531590900889 
54,52, 0.87119531590900889 
52,58, 4.7100873263396643 
58,52, 4.7100873263396643 
52,61, 4.0251177557587923 
61,52, 4.0251177557587923 
52,63, -1.0293952744612742 
63,52, -1.0293952744612742 
52,64, 2.3664500258330943 
64,52, 2.3664500258330943 
52,70, -3.2504300362938001 
70,52, -3.2504300362938001 
52,73, -3.2360285938347868 
73,52, -3.2360285938347868 
52,74, -3.2360285938347868 
74,52, -3.2360285938347868 
52,76, 23.245862201513599 
76,52, 23.245862201513599 
52,78, 2.9008454669816146 
78,52, 2.9008454669816146 
52,82, -6.1119445311830951 
82,52, -6.1119445311830951 
53,53, 5.76790449631516822E-002
53,54, 0.87119531590900889 
54,53, 0.87119531590900889 
53,59, 4.7100873263396643 
59,53, 4.7100873263396643 
53,62, 2.8364744781333013 
62,53, 2.8364744781333013 
53,63, -1.0293952744612742 
63,53, -1.0293952744612742 
53,65, 2.3664500258330943 
65,53, 2.3664500258330943 
53,71, -3.2504300362938001 
71,53, -3.2504300362938001 
53,74, -3.2360285938347868 
74,53, -3.2360285938347868 
53,75, -3.2360285938347868 
75,53, -3.2360285938347868 
53,77, 16.381208913071159 
77,53, 16.381208913071159 
53,78, 2.9008454669816146 
78,53, 2.9008454669816146 
53,83, -6.1119445311830951 
83,53, -6.1119445311830951 
54,54, 7.4969159486718127 
54,60, 3.6231440971843565 
60,54, 3.6231440971843565 
54,61, -1.6611794811054701 
61,54, -1.6611794811054701 
54,62, -1.6611794811054701 
62,54, -1.6611794811054701 
54,63, 6.6437081125825550 
63,54, 6.6437081125825550 
54,66, 4.5826107698418417 
66,54, 4.5826107698418417 
54,72, -3.0713676893028734 
72,54, -3.0713676893028734 
54,76, -1.9187289243655956 
76,54, -1.9187289243655956 
54,77, -1.9187289243655956 
77,54, -1.9187289243655956 
54,78, 18.722031313403999 
78,54, 18.722031313403999 
54,84, -5.7752447344756170 
84,54, -5.7752447344756170 
55,55, 13.173590807105938 
55,58, -8.41654636156864838E-002
58,55, -8.41654636156864838E-002
55,64, -3.2983512364696508 
64,55, -3.2983512364696508 
55,73, -1.0834766787646000 
73,55, -1.0834766787646000 
55,79, 20.808902848128422 
79,55, 20.808902848128422 
55,82, 2.8396035667482860 
82,55, 2.8396035667482860 
56,56, -2.0991364656219957 
56,58, -8.41654636156864838E-002
58,56, -8.41654636156864838E-002
56,59, -8.41654636156864838E-002
59,56, -8.41654636156864838E-002
56,64, -3.2983512364696508 
64,56, -3.2983512364696508 
56,65, -3.2983512364696508 
65,56, -3.2983512364696508 
56,74, -1.0834766787646000 
74,56, -1.0834766787646000 
56,80, 15.454495013650501 
80,56, 15.454495013650501 
56,82, 2.8396035667482860 
82,56, 2.8396035667482860 
56,83, 2.8396035667482860 
83,56, 2.8396035667482860 
57,57, -17.371863738349930 
57,59, -8.41654636156864838E-002
59,57, -8.41654636156864838E-002
57,65, -3.2983512364696508 
65,57, -3.2983512364696508 
57,75, -1.0834766787646000 
75,57, -1.0834766787646000 
57,81, 10.100087179172579 
81,57, 10.100087179172579 
57,83, 2.8396035667482860 
83,57, 2.8396035667482860 
58,58, 5.7131395156829967 
58,60, -0.17423906318180177 
60,58, -0.17423906318180177 
58,61, -0.92113942326103637 
61,58, -0.92113942326103637 
58,64, 6.8938098305648410 
64,58, 6.8938098305648410 
58,66, -1.7630428954445190 
66,58, -1.7630428954445190 
58,76, -1.0639529773195999 
76,58, -1.0639529773195999 
58,79, -2.4786091977696398 
79,58, -2.4786091977696398 
58,80, -2.4786091977696398 
80,58, -2.4786091977696398 
58,82, 17.804974891918043 
82,58, 17.804974891918043 
58,84, 2.2218784684002331 
84,58, 2.2218784684002331 
59,59, -9.6115358089955407 
59,60, -0.17423906318180177 
60,59, -0.17423906318180177 
59,62, -0.92113942326103637 
62,59, -0.92113942326103637 
59,65, 4.8580232500093397 
65,59, 4.8580232500093397 
59,66, -1.7630428954445190 
66,59, -1.7630428954445190 
59,77, -1.0639529773195999 
77,59, -1.0639529773195999 
59,80, -2.4786091977696398 
80,59, -2.4786091977696398 
59,81, -2.4786091977696398 
81,59, -2.4786091977696398 
59,83, 12.547050776955256 
83,59, 12.547050776955256 
59,84, 2.2218784684002331 
84,59, 2.2218784684002331 
60,60, -1.4993831897372729 
60,63, -1.7837788229125493 
63,60, -1.7837788229125493 
60,64, -2.8450982386274690 
64,60, -2.8450982386274690 
60,65, -2.8450982386274690 
65,60, -2.8450982386274690 
60,66, 11.378663452118301 
66,60, 11.378663452118301 
60,78, -1.0053410659480020 
78,60, -1.0053410659480020 
60,82, -1.4696344676990254 
82,60, -1.4696344676990254 
60,83, -1.4696344676990254 
83,60, -1.4696344676990254 
60,84, 14.339984233372791 
84,60, 14.339984233372791 
61,61, 20.761604843304667 
61,63, 0.83131721048473894 
63,61, 0.83131721048473894 
61,64, 5.1155533503971506 
64,61, 5.1155533503971506 
61,70, -1.9532653605275956 
70,61, -1.9532653605275956 
61,73, -1.9446111706564928 
73,61, -1.9446111706564928 
61,74, -1.9446111706564928 
74,61, -1.9446111706564928 
61,76, 3.1042277077750926 
76,61, 3.1042277077750926 
61,78, -0.96843954383328656 
78,61, -0.96843954383328656 
61,82, 2.0404564259233680 
82,61, 2.0404564259233680 
62,62, 0.99302048648678465 
62,63, 0.83131721048473894 
63,62, 0.83131721048473894 
62,65, 5.1155533503971506 
65,62, 5.1155533503971506 
62,71, -1.9532653605275956 
71,62, -1.9532653605275956 
62,74, -1.9446111706564928 
74,62, -1.9446111706564928 
62,75, -1.9446111706564928 
75,62, -1.9446111706564928 
62,77, 2.1875292107468818 
77,62, 2.1875292107468818 
62,78, -0.96843954383328656 
78,62, -0.96843954383328656 
62,83, 2.0404564259233680 
83,62, 2.0404564259233680 
63,63, 9.0302218350116163 
63,66, 4.2468744795749931 
66,63, 4.2468744795749931 
63,72, -3.8123836156534465 
72,63, -3.8123836156534465 
63,76, -1.4554543410686485 
76,63, -1.4554543410686485 
63,77, -1.4554543410686485 
77,63, -1.4554543410686485 
63,78, 5.1642259628114999 
78,63, 5.1642259628114999 
63,84, 3.9825631498138350 
84,63, 3.9825631498138350 
64,64, 10.320291789692419 
64,66, 0.15114858372449802 
66,64, 0.15114858372449802 
64,76, -0.91251985469818275 
76,64, -0.91251985469818275 
64,79, -3.4786262139146893 
79,64, -3.4786262139146893 
64,80, -3.4786262139146893 
80,64, -3.4786262139146893 
64,82, 5.5530113377787673 
82,64, 5.5530113377787673 
64,84, -1.7323973216880924 
84,64, -1.7323973216880924 
65,65, -6.3649053660919890 
65,66, 0.15114858372449802 
66,65, 0.15114858372449802 
65,77, -0.91251985469818275 
77,65, -0.91251985469818275 
65,80, -3.4786262139146893 
80,65, -3.4786262139146893 
65,81, -3.4786262139146893 
81,65, -3.4786262139146893 
65,83, 3.9131712143971913 
83,65, 3.9131712143971913 
65,84, -1.7323973216880924 
84,65, -1.7323973216880924 
66,66, 1.6418585154533503 
66,78, -1.7810563855338826 
78,66, -1.7810563855338826 
66,82, -2.6035958758213291 
82,66, -2.6035958758213291 
66,83, -2.6035958758213291 
83,66, -2.6035958758213291 
66,84, 9.2380482432126492 
84,66, 9.2380482432126492 
67,67, 35.636105971745565 
67,70, 0.44659375653887218 
70,67, 0.44659375653887218 
67,73, 8.9716250532571262 
73,67, 8.9716250532571262 
68,68, 14.583474392798962 
68,70, 0.44659375653887218 
70,68, 0.44659375653887218 
68,71, 0.44659375653887218 
71,68, 0.44659375653887218 
68,74, 8.9716250532571262 
74,68, 8.9716250532571262 
69,69, -6.4691571861549164 
69,71, 0.44659375653887218 
71,69, 0.44659375653887218 
69,75, 8.9716250532571262 
75,69, 8.9716250532571262 
70,70, 24.396882257999096 
70,72, 0.93411786048941314 
72,70, 0.93411786048941314 
70,76, 8.5978073427047477 
76,70, 8.5978073427047477 
71,71, 3.5547769948461792 
71,72, 0.93411786048941314 
72,71, 0.93411786048941314 
71,77, 8.5978073427047477 
77,71, 8.5978073427047477 
72,72, 12.152895327322767 
72,78, 7.4763542110476067 
78,72, 7.4763542110476067 
73,73, 32.363421643123729 
73,76, 0.37216146378239340 
76,73, 0.37216146378239340 
73,79, 5.6232635956690160 
79,73, 5.6232635956690160 
74,74, 12.152895327330043 
74,76, 0.37216146378239340 
76,74, 0.37216146378239340 
74,77, 0.37216146378239340 
77,74, 0.37216146378239340 
74,80, 5.6232635956690160 
80,74, 5.6232635956690160 
75,75, -8.0576309884563670 
75,77, 0.37216146378239340 
77,75, 0.37216146378239340 
75,81, 5.6232635956690160 
81,75, 5.6232635956690160 
76,76, 21.664068548336218 
76,78, 0.77843155040784417 
78,76, 0.77843155040784417 
76,82, 5.3889609458494752 
82,76, 5.3889609458494752 
77,77, 1.6289808290384826 
77,78, 0.77843155040784417 
78,77, 0.77843155040784417 
77,83, 5.3889609458494752 
83,77, 5.3889609458494752 
78,78, 10.127412772766547 
78,84, 4.6860529963908464 
84,78, 4.6860529963908464 
79,79, 22.545368657250947 
79,82, 0.14886458551295736 
82,79, 0.14886458551295736 
80,80, 4.8611581309378380 
80,82, 0.14886458551295736 
82,80, 0.14886458551295736 
80,83, 0.14886458551295736 
83,80, 0.14886458551295736 
81,81, -12.823052395382547 
81,83, 0.14886458551295736 
83,81, 0.14886458551295736 
82,82, 13.465627419333032 
82,84, 0.31137262016313777 
84,82, 0.31137262016313777 
83,83, -4.1484076683846069 
83,84, 0.31137262016313777 
84,83, 0.31137262016313777 
84,84, 4.0509651091051637 
